ID	Pe_F	Pe_R	Pe_ratio	Span_F	Span_R	Span_ratio
CR626927.1:1003620-1003631-1004286-1004297	0	0	NA	0	0	NA
CR626927.1:1005068-1005081-1005265-1005278	0	0	NA	0	0	NA
CR626927.1:1006423-1006439-1006762-1006778	0	0	NA	0	0	NA
CR626927.1:1007434-1007448-1007714-1007728	0	0	NA	0	0	NA
CR626927.1:1009866-1009879-1010166-1010179	0	0	NA	0	0	NA
CR626927.1:1011752-1011777-1012235-1012260	0	0	NA	0	0	NA
CR626927.1:1013118-1013133-1013284-1013299	0	0	NA	0	0	NA
CR626927.1:1015507-1015518-1015818-1015829	0	0	NA	0	0	NA
CR626927.1:1018040-1018053-1018308-1018321	0	0	NA	0	0	NA
CR626927.1:1020843-1020857-1021218-1021232	0	0	NA	0	0	NA
CR626927.1:1022883-1022894-1022996-1023007	0	0	NA	0	0	NA
CR626927.1:1030851-1030866-1031325-1031340	0	0	NA	0	0	NA
CR626927.1:1031499-1031512-1031544-1031557	0	0	NA	0	0	NA
CR626927.1:1034515-1034528-1034954-1034967	0	0	NA	0	0	NA
CR626927.1:1035482-1035495-1035809-1035822	0	0	NA	0	0	NA
CR626927.1:1037529-1037541-1038123-1038135	0	0	NA	0	0	NA
CR626927.1:103758-103772-104422-104436	0	0	NA	0	0	NA
CR626927.1:1041348-1041360-1041679-1041691	0	0	NA	0	0	NA
CR626927.1:1043772-1043786-1044031-1044045	0	0	NA	0	0	NA
CR626927.1:1044813-1044826-1045218-1045231	0	0	NA	0	0	NA
CR626927.1:104565-104577-104774-104786	0	0	NA	0	0	NA
CR626927.1:1049484-1049500-1049539-1049555	0	0	NA	0	0	NA
CR626927.1:1054270-1054283-1054452-1054465	0	0	NA	0	0	NA
CR626927.1:1055055-1055068-1055487-1055500	0	0	NA	0	0	NA
CR626927.1:1056877-1056890-1057069-1057082	0	0	NA	0	0	NA
CR626927.1:105703-105714-106178-106189	0	0	NA	0	0	NA
CR626927.1:1060374-1060385-1061074-1061085	0	0	NA	0	0	NA
CR626927.1:106251-106263-106670-106682	0	0	NA	0	0	NA
CR626927.1:1064589-1064602-1064902-1064915	0	0	NA	0	0	NA
CR626927.1:1064929-1064942-1065239-1065252	0	0	NA	0	0	NA
CR626927.1:1071090-1071102-1071639-1071651	0	0	NA	0	0	NA
CR626927.1:107297-107310-107795-107808	0	0	NA	0	0	NA
CR626927.1:1076660-1076673-1076934-1076947	0	0	NA	0	0	NA
CR626927.1:1079634-1079647-1079867-1079880	0	0	NA	0	0	NA
CR626927.1:1082063-1082076-1082741-1082754	0	0	NA	0	0	NA
CR626927.1:1084226-1084239-1084282-1084295	0	0	NA	0	0	NA
CR626927.1:1089391-1089402-1089470-1089481	0	0	NA	0	0	NA
CR626927.1:1092234-1092247-1092397-1092410	0	0	NA	0	0	NA
CR626927.1:1093132-1093145-1093796-1093809	0	0	NA	0	0	NA
CR626927.1:1101999-1102010-1102285-1102296	0	0	NA	0	0	NA
CR626927.1:1102476-1102489-1102984-1102997	0	0	NA	0	0	NA
CR626927.1:1103129-1103140-1103227-1103238	0	0	NA	0	0	NA
CR626927.1:1106456-1106469-1106896-1106909	0	0	NA	0	0	NA
CR626927.1:1110426-1110438-1110795-1110807	0	0	NA	0	0	NA
CR626927.1:1110850-1110864-1111199-1111213	0	0	NA	0	0	NA
CR626927.1:1112450-1112463-1112633-1112646	0	0	NA	0	0	NA
CR626927.1:1115333-1115354-1115713-1115734	0	0	NA	0	0	NA
CR626927.1:1116849-1116861-1117168-1117180	0	0	NA	0	0	NA
CR626927.1:111768-111779-112093-112104	0	0	NA	0	0	NA
CR626927.1:1117754-1117767-1118142-1118155	0	0	NA	0	0	NA
CR626927.1:1118162-1118178-1118306-1118322	0	0	NA	0	0	NA
CR626927.1:1121568-1121584-1121938-1121954	0	0	NA	0	0	NA
CR626927.1:1124432-1124443-1125116-1125127	0	0	NA	0	0	NA
CR626927.1:113256-113267-113383-113394	0	0	NA	0	0	NA
CR626927.1:1142107-1142120-1142284-1142297	0	0	NA	0	0	NA
CR626927.1:1143118-1143131-1143629-1143642	0	0	NA	0	0	NA
CR626927.1:1150454-1150465-1151041-1151052	0	0	NA	0	0	NA
CR626927.1:1153269-1153281-1153853-1153865	0	0	NA	0	0	NA
CR626927.1:1154019-1154032-1154092-1154105	0	0	NA	0	0	NA
CR626927.1:1155207-1155220-1155754-1155767	0	0	NA	0	0	NA
CR626927.1:1157908-1157921-1158588-1158601	0	0	NA	0	0	NA
CR626927.1:116009-116020-116363-116374	0	0	NA	0	0	NA
CR626927.1:1164913-1164926-1165460-1165473	0	0	NA	0	0	NA
CR626927.1:1166079-1166091-1166760-1166772	0	0	NA	0	0	NA
CR626927.1:1179038-1179051-1179135-1179148	0	0	NA	0	0	NA
CR626927.1:1180419-1180432-1181152-1181165	0	0	NA	0	0	NA
CR626927.1:1182292-1182306-1182437-1182451	0	0	NA	0	0	NA
CR626927.1:1182619-1182631-1182673-1182685	0	0	NA	0	0	NA
CR626927.1:1186639-1186652-1186710-1186723	0	0	NA	0	0	NA
CR626927.1:1187015-1187028-1187727-1187740	0	0	NA	0	0	NA
CR626927.1:1192461-1192474-1193183-1193196	0	0	NA	0	0	NA
CR626927.1:1197178-1197189-1197800-1197811	0	0	NA	0	0	NA
CR626927.1:1198053-1198065-1198160-1198172	0	0	NA	0	0	NA
CR626927.1:1201717-1201729-1202286-1202298	0	0	NA	0	0	NA
CR626927.1:1203862-1203876-1204236-1204250	0	0	NA	0	0	NA
CR626927.1:1207180-1207193-1207478-1207491	0	0	NA	0	0	NA
CR626927.1:121022-121038-121215-121231	0	0	NA	0	0	NA
CR626927.1:1210819-1210832-1211027-1211040	0	0	NA	0	0	NA
CR626927.1:1219479-1219490-1219664-1219675	0	0	NA	0	0	NA
CR626927.1:1222883-1222894-1223619-1223630	0	0	NA	0	0	NA
CR626927.1:1225261-1225272-1225568-1225579	0	0	NA	0	0	NA
CR626927.1:1229690-1229701-1229861-1229872	0	0	NA	0	0	NA
CR626927.1:1230082-1230093-1230642-1230653	0	0	NA	0	0	NA
CR626927.1:1231077-1231091-1231128-1231142	0	0	NA	0	0	NA
CR626927.1:1232989-1233000-1233508-1233519	0	0	NA	0	0	NA
CR626927.1:1233558-1233569-1234162-1234173	0	0	NA	0	0	NA
CR626927.1:1235514-1235529-1235944-1235959	0	0	NA	0	0	NA
CR626927.1:1236839-1236852-1237059-1237072	0	0	NA	0	0	NA
CR626927.1:1237683-1237696-1237793-1237806	0	0	NA	0	0	NA
CR626927.1:123871-123883-124143-124155	0	0	NA	0	0	NA
CR626927.1:1252322-1252336-1253025-1253039	0	0	NA	0	0	NA
CR626927.1:1256230-1256243-1256896-1256909	0	0	NA	0	0	NA
CR626927.1:1260697-1260710-1261432-1261445	0	0	NA	0	0	NA
CR626927.1:1263692-1263705-1263972-1263985	0	0	NA	0	0	NA
CR626927.1:126419-126432-126746-126759	0	0	NA	0	0	NA
CR626927.1:1267623-1267636-1267776-1267789	0	0	NA	0	0	NA
CR626927.1:1268829-1268842-1268947-1268960	0	0	NA	0	0	NA
CR626927.1:1273316-1273329-1273803-1273816	0	0	NA	0	0	NA
CR626927.1:1274202-1274215-1274261-1274274	0	0	NA	0	0	NA
CR626927.1:1274682-1274693-1275289-1275300	0	0	NA	0	0	NA
CR626927.1:1280492-1280505-1280602-1280615	0	0	NA	0	0	NA
CR626927.1:1280692-1280703-1280830-1280841	0	0	NA	0	0	NA
CR626927.1:1284656-1284669-1285188-1285201	0	0	NA	0	0	NA
CR626927.1:1286431-1286442-1286588-1286599	0	0	NA	0	0	NA
CR626927.1:1289869-1289883-1290023-1290037	0	0	NA	0	0	NA
CR626927.1:1290113-1290126-1290572-1290585	0	0	NA	0	0	NA
CR626927.1:1290817-1290828-1291516-1291527	0	0	NA	0	0	NA
CR626927.1:129231-129246-129342-129357	0	0	NA	0	0	NA
CR626927.1:129405-129426-129545-129566	0	0	NA	0	0	NA
CR626927.1:1294603-1294615-1295037-1295049	0	0	NA	0	0	NA
CR626927.1:1298774-1298788-1299197-1299211	0	0	NA	0	0	NA
CR626927.1:1299951-1299965-1300481-1300495	0	0	NA	0	0	NA
CR626927.1:1301758-1301772-1301862-1301876	0	0	NA	0	0	NA
CR626927.1:1303170-1303183-1303223-1303236	0	0	NA	0	0	NA
CR626927.1:1304135-1304146-1304424-1304435	0	0	NA	0	0	NA
CR626927.1:1310223-1310239-1310802-1310818	0	0	NA	0	0	NA
CR626927.1:1312561-1312575-1312710-1312724	0	0	NA	0	0	NA
CR626927.1:1313951-1313964-1314227-1314240	0	0	NA	0	0	NA
CR626927.1:1315162-1315174-1315400-1315412	0	0	NA	0	0	NA
CR626927.1:1317097-1317115-1317147-1317165	0	0	NA	0	0	NA
CR626927.1:1321457-1321470-1321795-1321808	0	0	NA	0	0	NA
CR626927.1:132343-132354-132445-132456	0	0	NA	0	0	NA
CR626927.1:1329272-1329285-1329365-1329378	0	0	NA	0	0	NA
CR626927.1:1329479-1329490-1329905-1329916	0	0	NA	0	0	NA
CR626927.1:1335935-1335946-1336064-1336075	0	0	NA	0	0	NA
CR626927.1:1341739-1341750-1341986-1341997	0	0	NA	0	0	NA
CR626927.1:1342010-1342025-1342732-1342747	0	0	NA	0	0	NA
CR626927.1:1343949-1343969-1344250-1344270	0	0	NA	0	0	NA
CR626927.1:1345058-1345069-1345787-1345798	0	0	NA	0	0	NA
CR626927.1:1348376-1348387-1348443-1348454	0	0	NA	0	0	NA
CR626927.1:1349819-1349830-1350051-1350062	0	0	NA	0	0	NA
CR626927.1:1350428-1350441-1350664-1350677	0	0	NA	0	0	NA
CR626927.1:1352118-1352131-1352729-1352742	0	0	NA	0	0	NA
CR626927.1:1353643-1353656-1354162-1354175	0	0	NA	0	0	NA
CR626927.1:1354497-1354509-1354951-1354963	0	0	NA	0	0	NA
CR626927.1:1355124-1355136-1355371-1355383	0	0	NA	0	0	NA
CR626927.1:1356778-1356792-1357474-1357488	0	0	NA	0	0	NA
CR626927.1:1357641-1357652-1358225-1358236	0	0	NA	0	0	NA
CR626927.1:1362860-1362873-1363364-1363377	0	0	NA	0	0	NA
CR626927.1:1364526-1364539-1364595-1364608	0	0	NA	0	0	NA
CR626927.1:1366452-1366466-1366681-1366695	0	0	NA	0	0	NA
CR626927.1:1368096-1368109-1368354-1368367	0	0	NA	0	0	NA
CR626927.1:1370930-1370942-1371049-1371061	0	0	NA	0	0	NA
CR626927.1:137572-137583-138242-138253	0	0	NA	0	0	NA
CR626927.1:1376344-1376360-1377014-1377030	0	0	NA	0	0	NA
CR626927.1:1379117-1379128-1379282-1379293	0	0	NA	0	0	NA
CR626927.1:1380201-1380214-1380626-1380639	0	0	NA	0	0	NA
CR626927.1:1382440-1382453-1383073-1383086	0	0	NA	0	0	NA
CR626927.1:138323-138336-138815-138828	0	0	NA	0	0	NA
CR626927.1:1383806-1383819-1384282-1384295	0	0	NA	0	0	NA
CR626927.1:1394537-1394548-1394590-1394601	0	0	NA	0	0	NA
CR626927.1:1396063-1396076-1396763-1396776	0	0	NA	0	0	NA
CR626927.1:1400156-1400169-1400801-1400814	0	0	NA	0	0	NA
CR626927.1:1401390-1401401-1401785-1401796	0	0	NA	0	0	NA
CR626927.1:1402755-1402771-1402825-1402841	0	0	NA	0	0	NA
CR626927.1:1403392-1403406-1403748-1403762	0	0	NA	0	0	NA
CR626927.1:1406774-1406787-1406936-1406949	0	0	NA	0	0	NA
CR626927.1:1422628-1422639-1422943-1422954	0	0	NA	0	0	NA
CR626927.1:1422961-1422974-1423696-1423709	0	0	NA	0	0	NA
CR626927.1:142771-142785-143462-143476	0	0	NA	0	0	NA
CR626927.1:1430420-1430431-1430545-1430556	0	0	NA	0	0	NA
CR626927.1:1437669-1437680-1438277-1438288	0	0	NA	0	0	NA
CR626927.1:14391-14404-14938-14951	0	0	NA	0	0	NA
CR626927.1:1440337-1440351-1440616-1440630	0	0	NA	0	0	NA
CR626927.1:1441826-1441837-1442228-1442239	0	0	NA	0	0	NA
CR626927.1:1444537-1444548-1445102-1445113	0	0	NA	0	0	NA
CR626927.1:1448809-1448821-1449255-1449267	0	0	NA	0	0	NA
CR626927.1:1459135-1459146-1459581-1459592	0	0	NA	0	0	NA
CR626927.1:1460254-1460267-1460657-1460670	0	0	NA	0	0	NA
CR626927.1:1460998-1461015-1461053-1461070	0	0	NA	0	0	NA
CR626927.1:1462384-1462395-1462536-1462547	0	0	NA	0	0	NA
CR626927.1:1469020-1469031-1469417-1469428	0	0	NA	0	0	NA
CR626927.1:1471995-1472016-1472091-1472112	0	0	NA	0	0	NA
CR626927.1:1474240-1474253-1474540-1474553	0	0	NA	0	0	NA
CR626927.1:1475974-1475987-1476214-1476227	0	0	NA	0	0	NA
CR626927.1:1479489-1479502-1480015-1480028	0	0	NA	0	0	NA
CR626927.1:148089-148101-148472-148484	0	0	NA	0	0	NA
CR626927.1:1481370-1481384-1481648-1481662	0	0	NA	0	0	NA
CR626927.1:1481700-1481711-1482256-1482267	0	0	NA	0	0	NA
CR626927.1:1483466-1483477-1483530-1483541	0	0	NA	0	0	NA
CR626927.1:1484875-1484889-1485240-1485254	0	0	NA	0	0	NA
CR626927.1:1489881-1489901-1490379-1490399	0	0	NA	0	0	NA
CR626927.1:1491209-1491222-1491850-1491863	0	0	NA	0	0	NA
CR626927.1:1493430-1493441-1493871-1493882	0	0	NA	0	0	NA
CR626927.1:1497349-1497362-1498033-1498046	0	0	NA	0	0	NA
CR626927.1:1499822-1499835-1500057-1500070	0	0	NA	0	0	NA
CR626927.1:1501067-1501081-1501519-1501533	0	0	NA	0	0	NA
CR626927.1:1506494-1506513-1506644-1506663	0	0	NA	0	0	NA
CR626927.1:1507809-1507823-1508399-1508413	0	0	NA	0	0	NA
CR626927.1:15127-15142-15728-15743	0	0	NA	0	0	NA
CR626927.1:1515008-1515019-1515121-1515132	0	0	NA	0	0	NA
CR626927.1:1515385-1515396-1515800-1515811	0	0	NA	0	0	NA
CR626927.1:1518020-1518033-1518064-1518077	0	0	NA	0	0	NA
CR626927.1:1520822-1520835-1521214-1521227	0	0	NA	0	0	NA
CR626927.1:1522398-1522411-1522906-1522919	0	0	NA	0	0	NA
CR626927.1:1529511-1529522-1529731-1529742	0	0	NA	0	0	NA
CR626927.1:1532838-1532853-1532885-1532900	0	0	NA	0	0	NA
CR626927.1:1540666-1540677-1540799-1540810	0	0	NA	0	0	NA
CR626927.1:1542223-1542236-1542846-1542859	0	0	NA	0	0	NA
CR626927.1:155260-155274-155554-155568	0	0	NA	0	0	NA
CR626927.1:1555742-1555754-1555892-1555904	0	0	NA	0	0	NA
CR626927.1:1558980-1558991-1559563-1559574	0	0	NA	0	0	NA
CR626927.1:156361-156378-156422-156439	0	0	NA	0	0	NA
CR626927.1:1563855-1563866-1564495-1564506	0	0	NA	0	0	NA
CR626927.1:1567897-1567910-1568576-1568589	0	0	NA	0	0	NA
CR626927.1:1570126-1570139-1570430-1570443	0	0	NA	0	0	NA
CR626927.1:1571811-1571824-1571964-1571977	0	0	NA	0	0	NA
CR626927.1:1580295-1580308-1580506-1580519	0	0	NA	0	0	NA
CR626927.1:1582521-1582534-1582734-1582747	0	0	NA	0	0	NA
CR626927.1:1583334-1583349-1583833-1583848	0	0	NA	0	0	NA
CR626927.1:1583870-1583881-1584293-1584304	0	0	NA	0	0	NA
CR626927.1:1588431-1588444-1588906-1588919	0	0	NA	0	0	NA
CR626927.1:1591331-1591342-1591412-1591423	0	0	NA	0	0	NA
CR626927.1:1591934-1591945-1592300-1592311	0	0	NA	0	0	NA
CR626927.1:1592887-1592900-1593312-1593325	0	0	NA	0	0	NA
CR626927.1:1594024-1594037-1594324-1594337	0	0	NA	0	0	NA
CR626927.1:1596620-1596633-1596733-1596746	0	0	NA	0	0	NA
CR626927.1:159688-159701-160418-160431	0	0	NA	0	0	NA
CR626927.1:1600066-1600082-1600312-1600328	0	0	NA	0	0	NA
CR626927.1:1600672-1600685-1601402-1601415	0	0	NA	0	0	NA
CR626927.1:1604291-1604304-1604429-1604442	0	0	NA	0	0	NA
CR626927.1:1605196-1605207-1605804-1605815	0	0	NA	0	0	NA
CR626927.1:1607885-1607898-1607978-1607991	0	0	NA	0	0	NA
CR626927.1:1611396-1611411-1611823-1611838	0	0	NA	0	0	NA
CR626927.1:1612669-1612682-1612771-1612784	0	0	NA	0	0	NA
CR626927.1:1614119-1614130-1614832-1614843	0	0	NA	0	0	NA
CR626927.1:1620969-1620980-1621055-1621066	0	0	NA	0	0	NA
CR626927.1:1621726-1621738-1622062-1622074	0	0	NA	0	0	NA
CR626927.1:1626344-1626356-1626584-1626596	0	0	NA	0	0	NA
CR626927.1:1633953-1633967-1634413-1634427	0	0	NA	0	0	NA
CR626927.1:1636330-1636343-1636981-1636994	0	0	NA	0	0	NA
CR626927.1:1638436-1638449-1638933-1638946	0	0	NA	0	0	NA
CR626927.1:1648308-1648321-1648455-1648468	0	0	NA	0	0	NA
CR626927.1:1649076-1649087-1649581-1649592	0	0	NA	0	0	NA
CR626927.1:1650045-1650060-1650098-1650113	0	0	NA	0	0	NA
CR626927.1:1650548-1650559-1650744-1650755	0	0	NA	0	0	NA
CR626927.1:1651572-1651586-1651660-1651674	0	0	NA	0	0	NA
CR626927.1:165545-165556-166157-166168	0	0	NA	0	0	NA
CR626927.1:1656979-1656992-1657595-1657608	0	0	NA	0	0	NA
CR626927.1:1659775-1659788-1660374-1660387	0	0	NA	0	0	NA
CR626927.1:1663117-1663128-1663426-1663437	0	0	NA	0	0	NA
CR626927.1:1664493-1664506-1664715-1664728	0	0	NA	0	0	NA
CR626927.1:1665902-1665916-1666330-1666344	0	0	NA	0	0	NA
CR626927.1:1666452-1666463-1666561-1666572	0	0	NA	0	0	NA
CR626927.1:1668549-1668560-1668815-1668826	0	0	NA	0	0	NA
CR626927.1:166919-166930-167123-167134	0	0	NA	0	0	NA
CR626927.1:1670586-1670602-1670635-1670651	0	0	NA	0	0	NA
CR626927.1:1672271-1672282-1672802-1672813	0	0	NA	0	0	NA
CR626927.1:1674423-1674436-1675004-1675017	0	0	NA	0	0	NA
CR626927.1:1675187-1675199-1675755-1675767	0	0	NA	0	0	NA
CR626927.1:1688419-1688431-1688510-1688522	0	0	NA	0	0	NA
CR626927.1:1689523-1689537-1690248-1690262	0	0	NA	0	0	NA
CR626927.1:1692052-1692063-1692478-1692489	0	0	NA	0	0	NA
CR626927.1:1693572-1693587-1694124-1694139	0	0	NA	0	0	NA
CR626927.1:1695207-1695223-1695861-1695877	0	0	NA	0	0	NA
CR626927.1:1697959-1697973-1698431-1698445	0	0	NA	0	0	NA
CR626927.1:1698462-1698473-1699060-1699071	0	0	NA	0	0	NA
CR626927.1:1705196-1705221-1705257-1705282	0	0	NA	0	0	NA
CR626927.1:1708518-1708531-1708627-1708640	0	0	NA	0	0	NA
CR626927.1:170891-170906-171152-171167	0	0	NA	0	0	NA
CR626927.1:1710695-1710708-1711360-1711373	0	0	NA	0	0	NA
CR626927.1:1713869-1713880-1713920-1713931	0	0	NA	0	0	NA
CR626927.1:1714555-1714566-1714994-1715005	0	0	NA	0	0	NA
CR626927.1:1717281-1717292-1717522-1717533	0	0	NA	0	0	NA
CR626927.1:1719511-1719525-1720226-1720240	0	0	NA	0	0	NA
CR626927.1:1720899-1720910-1721383-1721394	0	0	NA	0	0	NA
CR626927.1:1722691-1722704-1723154-1723167	0	0	NA	0	0	NA
CR626927.1:1726359-1726371-1726761-1726773	0	0	NA	0	0	NA
CR626927.1:1727425-1727436-1727766-1727777	0	0	NA	0	0	NA
CR626927.1:1729275-1729289-1729994-1730008	0	0	NA	0	0	NA
CR626927.1:1732078-1732089-1732660-1732671	0	0	NA	0	0	NA
CR626927.1:173243-173256-173633-173646	0	0	NA	0	0	NA
CR626927.1:1740350-1740363-1740508-1740521	0	0	NA	0	0	NA
CR626927.1:1745418-1745432-1745497-1745511	0	0	NA	0	0	NA
CR626927.1:174596-174608-174646-174658	0	0	NA	0	0	NA
CR626927.1:1747727-1747740-1747837-1747850	0	0	NA	0	0	NA
CR626927.1:1748204-1748217-1748706-1748719	0	0	NA	0	0	NA
CR626927.1:1749646-1749657-1749746-1749757	0	0	NA	0	0	NA
CR626927.1:1756166-1756179-1756499-1756512	0	0	NA	0	0	NA
CR626927.1:1757553-1757566-1758025-1758038	0	0	NA	0	0	NA
CR626927.1:1759756-1759769-1759934-1759947	0	0	NA	0	0	NA
CR626927.1:1762277-1762288-1762918-1762929	0	0	NA	0	0	NA
CR626927.1:1766067-1766080-1766209-1766222	0	0	NA	0	0	NA
CR626927.1:1770449-1770462-1770595-1770608	0	0	NA	0	0	NA
CR626927.1:1775450-1775464-1775959-1775973	0	0	NA	0	0	NA
CR626927.1:1779886-1779897-1780437-1780448	0	0	NA	0	0	NA
CR626927.1:1783499-1783514-1783880-1783895	0	0	NA	0	0	NA
CR626927.1:1784581-1784595-1785070-1785084	0	0	NA	0	0	NA
CR626927.1:1789607-1789618-1789885-1789896	0	0	NA	0	0	NA
CR626927.1:179080-179093-179341-179354	0	0	NA	0	0	NA
CR626927.1:1790839-1790858-1791020-1791039	0	0	NA	0	0	NA
CR626927.1:1792167-1792181-1792859-1792873	0	0	NA	0	0	NA
CR626927.1:1793166-1793179-1793850-1793863	0	0	NA	0	0	NA
CR626927.1:179401-179414-180059-180072	0	0	NA	0	0	NA
CR626927.1:1799514-1799527-1799674-1799687	0	0	NA	0	0	NA
CR626927.1:1802641-1802661-1803096-1803116	0	0	NA	0	0	NA
CR626927.1:1804033-1804044-1804419-1804430	0	0	NA	0	0	NA
CR626927.1:1805718-1805731-1805798-1805811	0	0	NA	0	0	NA
CR626927.1:1806788-1806813-1807000-1807025	0	0	NA	0	0	NA
CR626927.1:1808017-1808030-1808375-1808388	0	0	NA	0	0	NA
CR626927.1:1808602-1808615-1809219-1809232	0	0	NA	0	0	NA
CR626927.1:1811705-1811718-1812325-1812338	0	0	NA	0	0	NA
CR626927.1:1814848-1814861-1815334-1815347	0	0	NA	0	0	NA
CR626927.1:1828734-1828747-1829391-1829404	0	0	NA	0	0	NA
CR626927.1:1829629-1829642-1830242-1830255	0	0	NA	0	0	NA
CR626927.1:1830641-1830655-1830864-1830878	0	0	NA	0	0	NA
CR626927.1:1832807-1832821-1833270-1833284	0	0	NA	0	0	NA
CR626927.1:184146-184159-184880-184893	0	0	NA	0	0	NA
CR626927.1:1841715-1841728-1842445-1842458	0	0	NA	0	0	NA
CR626927.1:1845634-1845645-1846110-1846121	0	0	NA	0	0	NA
CR626927.1:1846637-1846652-1847274-1847289	0	0	NA	0	0	NA
CR626927.1:1848000-1848013-1848207-1848220	0	0	NA	0	0	NA
CR626927.1:1849083-1849095-1849348-1849360	0	0	NA	0	0	NA
CR626927.1:1849404-1849420-1849488-1849504	0	0	NA	0	0	NA
CR626927.1:1850355-1850371-1850404-1850420	0	0	NA	0	0	NA
CR626927.1:185265-185279-185443-185457	0	0	NA	0	0	NA
CR626927.1:1859956-1859967-1860333-1860344	0	0	NA	0	0	NA
CR626927.1:186985-186998-187714-187727	0	0	NA	0	0	NA
CR626927.1:1870815-1870830-1870864-1870879	0	0	NA	0	0	NA
CR626927.1:1874631-1874644-1875218-1875231	0	0	NA	0	0	NA
CR626927.1:1876640-1876653-1877153-1877166	0	0	NA	0	0	NA
CR626927.1:1880569-1880588-1881194-1881213	0	0	NA	0	0	NA
CR626927.1:188123-188137-188333-188347	0	0	NA	0	0	NA
CR626927.1:1881399-1881412-1881955-1881968	0	0	NA	0	0	NA
CR626927.1:1883087-1883104-1883172-1883189	0	0	NA	0	0	NA
CR626927.1:1885581-1885594-1885728-1885741	0	0	NA	0	0	NA
CR626927.1:1886697-1886710-1887000-1887013	0	0	NA	0	0	NA
CR626927.1:1888378-1888390-1888992-1889004	0	0	NA	0	0	NA
CR626927.1:1890106-1890119-1890712-1890725	0	0	NA	0	0	NA
CR626927.1:1895887-1895901-1896240-1896254	0	0	NA	0	0	NA
CR626927.1:189964-189979-190627-190642	0	0	NA	0	0	NA
CR626927.1:1903470-1903481-1903775-1903786	0	0	NA	0	0	NA
CR626927.1:1907685-1907699-1908063-1908077	0	0	NA	0	0	NA
CR626927.1:1909465-1909478-1909589-1909602	0	0	NA	0	0	NA
CR626927.1:1912642-1912655-1913368-1913381	0	0	NA	0	0	NA
CR626927.1:1914948-1914962-1915562-1915576	0	0	NA	0	0	NA
CR626927.1:1923916-1923935-1923986-1924005	0	0	NA	0	0	NA
CR626927.1:1926956-1926967-1927637-1927648	0	0	NA	0	0	NA
CR626927.1:1932836-1932849-1933068-1933081	0	0	NA	0	0	NA
CR626927.1:1934052-1934065-1934209-1934222	0	0	NA	0	0	NA
CR626927.1:1937591-1937604-1937828-1937841	0	0	NA	0	0	NA
CR626927.1:193942-193953-194009-194020	0	0	NA	0	0	NA
CR626927.1:1940439-1940455-1940512-1940528	0	0	NA	0	0	NA
CR626927.1:1940532-1940546-1940979-1940993	0	0	NA	0	0	NA
CR626927.1:194100-194111-194501-194512	0	0	NA	0	0	NA
CR626927.1:1944009-1944023-1944443-1944457	0	0	NA	0	0	NA
CR626927.1:1944691-1944704-1944747-1944760	0	0	NA	0	0	NA
CR626927.1:1945263-1945280-1945553-1945570	0	0	NA	0	0	NA
CR626927.1:1948908-1948919-1949117-1949128	0	0	NA	0	0	NA
CR626927.1:1949968-1949982-1950018-1950032	0	0	NA	0	0	NA
CR626927.1:1953333-1953345-1953776-1953788	0	0	NA	0	0	NA
CR626927.1:1955699-1955713-1955778-1955792	0	0	NA	0	0	NA
CR626927.1:1955811-1955829-1955940-1955958	0	0	NA	0	0	NA
CR626927.1:1957529-1957540-1958025-1958036	0	0	NA	0	0	NA
CR626927.1:1959910-1959925-1960629-1960644	0	0	NA	0	0	NA
CR626927.1:1965689-1965702-1965983-1965996	0	0	NA	0	0	NA
CR626927.1:1966103-1966116-1966324-1966337	0	0	NA	0	0	NA
CR626927.1:1975201-1975212-1975843-1975854	0	0	NA	0	0	NA
CR626927.1:1983243-1983254-1983482-1983493	0	0	NA	0	0	NA
CR626927.1:198354-198368-198960-198974	0	0	NA	0	0	NA
CR626927.1:1983697-1983708-1984014-1984025	0	0	NA	0	0	NA
CR626927.1:1985346-1985366-1985633-1985653	0	0	NA	0	0	NA
CR626927.1:1986408-1986422-1986708-1986722	0	0	NA	0	0	NA
CR626927.1:1991290-1991303-1991842-1991855	0	0	NA	0	0	NA
CR626927.1:1992348-1992360-1992469-1992481	0	0	NA	0	0	NA
CR626927.1:1997954-1997969-1998547-1998562	0	0	NA	0	0	NA
CR626927.1:2000123-2000135-2000487-2000499	0	0	NA	0	0	NA
CR626927.1:2001394-2001407-2001608-2001621	0	0	NA	0	0	NA
CR626927.1:2001960-2001975-2002630-2002645	0	0	NA	0	0	NA
CR626927.1:200281-200292-200693-200704	0	0	NA	0	0	NA
CR626927.1:2005458-2005471-2005802-2005815	0	0	NA	0	0	NA
CR626927.1:2014952-2014963-2015683-2015694	0	0	NA	0	0	NA
CR626927.1:2015711-2015724-2016155-2016168	0	0	NA	0	0	NA
CR626927.1:2018148-2018159-2018875-2018886	0	0	NA	0	0	NA
CR626927.1:2019152-2019165-2019203-2019216	0	0	NA	0	0	NA
CR626927.1:202262-202275-202831-202844	0	0	NA	0	0	NA
CR626927.1:2023573-2023586-2023907-2023920	0	0	NA	0	0	NA
CR626927.1:2023988-2023999-2024708-2024719	0	0	NA	0	0	NA
CR626927.1:2025260-2025273-2025559-2025572	0	0	NA	0	0	NA
CR626927.1:2029081-2029092-2029655-2029666	0	0	NA	0	0	NA
CR626927.1:2033303-2033314-2033871-2033882	0	0	NA	0	0	NA
CR626927.1:2035557-2035569-2035771-2035783	0	0	NA	0	0	NA
CR626927.1:2036016-2036028-2036226-2036238	0	0	NA	0	0	NA
CR626927.1:2037502-2037516-2038080-2038094	0	0	NA	0	0	NA
CR626927.1:2038246-2038257-2038742-2038753	0	0	NA	0	0	NA
CR626927.1:2039108-2039121-2039282-2039295	0	0	NA	0	0	NA
CR626927.1:2040193-2040207-2040502-2040516	0	0	NA	0	0	NA
CR626927.1:204059-204072-204378-204391	0	0	NA	0	0	NA
CR626927.1:2040911-2040922-2041338-2041349	0	0	NA	0	0	NA
CR626927.1:2043646-2043661-2044084-2044099	0	0	NA	0	0	NA
CR626927.1:2044334-2044347-2045070-2045083	0	0	NA	0	0	NA
CR626927.1:2045583-2045597-2045678-2045692	0	0	NA	0	0	NA
CR626927.1:2048967-2048978-2049507-2049518	0	0	NA	0	0	NA
CR626927.1:205160-205173-205767-205780	0	0	NA	0	0	NA
CR626927.1:2053610-2053621-2053939-2053950	0	0	NA	0	0	NA
CR626927.1:2054015-2054026-2054288-2054299	0	0	NA	0	0	NA
CR626927.1:2054596-2054607-2055303-2055314	0	0	NA	0	0	NA
CR626927.1:2055398-2055409-2055677-2055688	0	0	NA	0	0	NA
CR626927.1:2056389-2056402-2056861-2056874	0	0	NA	0	0	NA
CR626927.1:2059036-2059047-2059567-2059578	0	0	NA	0	0	NA
CR626927.1:2059928-2059939-2060532-2060543	0	0	NA	0	0	NA
CR626927.1:2064961-2064974-2065274-2065287	0	0	NA	0	0	NA
CR626927.1:2066035-2066046-2066748-2066759	0	0	NA	0	0	NA
CR626927.1:2067019-2067032-2067289-2067302	0	0	NA	0	0	NA
CR626927.1:206749-206762-207031-207044	0	0	NA	0	0	NA
CR626927.1:2069906-2069918-2070391-2070403	0	0	NA	0	0	NA
CR626927.1:2077226-2077239-2077802-2077815	0	0	NA	0	0	NA
CR626927.1:2078649-2078663-2078776-2078790	0	0	NA	0	0	NA
CR626927.1:2081185-2081198-2081673-2081686	0	0	NA	0	0	NA
CR626927.1:2082665-2082678-2082882-2082895	0	0	NA	0	0	NA
CR626927.1:2083918-2083931-2084636-2084649	0	0	NA	0	0	NA
CR626927.1:208941-208972-209425-209456	0	0	NA	0	0	NA
CR626927.1:2097000-2097013-2097149-2097162	0	0	NA	0	0	NA
CR626927.1:2097494-2097505-2098042-2098053	0	0	NA	0	0	NA
CR626927.1:2099082-2099093-2099610-2099621	0	0	NA	0	0	NA
CR626927.1:2101646-2101660-2102334-2102348	0	0	NA	0	0	NA
CR626927.1:2106164-2106175-2106279-2106290	0	0	NA	0	0	NA
CR626927.1:2106553-2106569-2106730-2106746	0	0	NA	0	0	NA
CR626927.1:211208-211219-211615-211626	0	0	NA	0	0	NA
CR626927.1:2112335-2112346-2113072-2113083	0	0	NA	0	0	NA
CR626927.1:2114973-2114984-2115168-2115179	0	0	NA	0	0	NA
CR626927.1:2119-2132-2382-2395	0	0	NA	0	0	NA
CR626927.1:2119129-2119140-2119799-2119810	0	0	NA	0	0	NA
CR626927.1:2120726-2120739-2120966-2120979	0	0	NA	0	0	NA
CR626927.1:212166-212179-212749-212762	0	0	NA	0	0	NA
CR626927.1:2122322-2122336-2122753-2122767	0	0	NA	0	0	NA
CR626927.1:2122845-2122859-2123052-2123066	0	0	NA	0	0	NA
CR626927.1:2123484-2123497-2123811-2123824	0	0	NA	0	0	NA
CR626927.1:2123879-2123893-2124432-2124446	0	0	NA	0	0	NA
CR626927.1:2126462-2126475-2126696-2126709	0	0	NA	0	0	NA
CR626927.1:2126746-2126759-2127305-2127318	0	0	NA	0	0	NA
CR626927.1:2129280-2129293-2129845-2129858	0	0	NA	0	0	NA
CR626927.1:2130283-2130302-2130373-2130392	0	0	NA	0	0	NA
CR626927.1:2148259-2148272-2148373-2148386	0	0	NA	0	0	NA
CR626927.1:2148467-2148479-2148857-2148869	0	0	NA	0	0	NA
CR626927.1:2154128-2154144-2154514-2154530	0	0	NA	0	0	NA
CR626927.1:2154798-2154817-2155346-2155365	0	0	NA	0	0	NA
CR626927.1:2156610-2156623-2156827-2156840	0	0	NA	0	0	NA
CR626927.1:2156970-2156981-2157463-2157474	0	0	NA	0	0	NA
CR626927.1:2163963-2163974-2164008-2164019	0	0	NA	0	0	NA
CR626927.1:2167460-2167473-2167822-2167835	0	0	NA	0	0	NA
CR626927.1:2168779-2168792-2169043-2169056	0	0	NA	0	0	NA
CR626927.1:2169342-2169355-2169614-2169627	0	0	NA	0	0	NA
CR626927.1:2172381-2172395-2172747-2172761	0	0	NA	0	0	NA
CR626927.1:2174978-2174991-2175178-2175191	0	0	NA	0	0	NA
CR626927.1:2177049-2177063-2177742-2177756	0	0	NA	0	0	NA
CR626927.1:2186202-2186216-2186639-2186653	0	0	NA	0	0	NA
CR626927.1:2195565-2195576-2195799-2195810	0	0	NA	0	0	NA
CR626927.1:2197100-2197115-2197728-2197743	0	0	NA	0	0	NA
CR626927.1:219895-219906-220444-220455	0	0	NA	0	0	NA
CR626927.1:22042-22056-22616-22630	0	0	NA	0	0	NA
CR626927.1:2205203-2205216-2205304-2205317	0	0	NA	0	0	NA
CR626927.1:2207447-2207461-2207827-2207841	0	0	NA	0	0	NA
CR626927.1:220974-220987-221297-221310	0	0	NA	0	0	NA
CR626927.1:2216204-2216217-2216254-2216267	0	0	NA	0	0	NA
CR626927.1:2217128-2217139-2217589-2217600	0	0	NA	0	0	NA
CR626927.1:2218597-2218611-2219285-2219299	0	0	NA	0	0	NA
CR626927.1:2219411-2219422-2220009-2220020	0	0	NA	0	0	NA
CR626927.1:2231139-2231151-2231259-2231271	0	0	NA	0	0	NA
CR626927.1:2231439-2231454-2232005-2232020	0	0	NA	0	0	NA
CR626927.1:2234283-2234297-2234995-2235009	0	0	NA	0	0	NA
CR626927.1:2238115-2238130-2238800-2238815	0	0	NA	0	0	NA
CR626927.1:2241056-2241067-2241462-2241473	0	0	NA	0	0	NA
CR626927.1:2242310-2242323-2242929-2242942	0	0	NA	0	0	NA
CR626927.1:2246172-2246185-2246233-2246246	0	0	NA	0	0	NA
CR626927.1:2247600-2247613-2247703-2247716	0	0	NA	0	0	NA
CR626927.1:225720-225733-226195-226208	0	0	NA	0	0	NA
CR626927.1:2266572-2266585-2267139-2267152	0	0	NA	0	0	NA
CR626927.1:2269330-2269343-2269848-2269861	0	0	NA	0	0	NA
CR626927.1:2273710-2273723-2274126-2274139	0	0	NA	0	0	NA
CR626927.1:2280920-2280933-2281045-2281058	0	0	NA	0	0	NA
CR626927.1:2282839-2282859-2283112-2283132	0	0	NA	0	0	NA
CR626927.1:2286397-2286410-2286687-2286700	0	0	NA	0	0	NA
CR626927.1:2289354-2289370-2289401-2289417	0	0	NA	0	0	NA
CR626927.1:2299669-2299680-2299965-2299976	0	0	NA	0	0	NA
CR626927.1:2301232-2301245-2301486-2301499	0	0	NA	0	0	NA
CR626927.1:2306369-2306382-2307011-2307024	0	0	NA	0	0	NA
CR626927.1:2309617-2309630-2310011-2310024	0	0	NA	0	0	NA
CR626927.1:2312108-2312122-2312436-2312450	0	0	NA	0	0	NA
CR626927.1:231232-231245-231885-231898	0	0	NA	0	0	NA
CR626927.1:2316402-2316413-2316709-2316720	0	0	NA	0	0	NA
CR626927.1:2318104-2318117-2318164-2318177	0	0	NA	0	0	NA
CR626927.1:2318729-2318740-2319205-2319216	0	0	NA	0	0	NA
CR626927.1:2319873-2319887-2320285-2320299	0	0	NA	0	0	NA
CR626927.1:2325751-2325766-2326175-2326190	0	0	NA	0	0	NA
CR626927.1:2327204-2327219-2327369-2327384	0	0	NA	0	0	NA
CR626927.1:2339713-2339724-2339959-2339970	0	0	NA	0	0	NA
CR626927.1:2340381-2340392-2340675-2340686	0	0	NA	0	0	NA
CR626927.1:2341726-2341737-2341823-2341834	0	0	NA	0	0	NA
CR626927.1:23428-23439-23914-23925	0	0	NA	0	0	NA
CR626927.1:2344240-2344254-2344683-2344697	0	0	NA	0	0	NA
CR626927.1:2344887-2344900-2345356-2345369	0	0	NA	0	0	NA
CR626927.1:2345532-2345543-2345979-2345990	0	0	NA	0	0	NA
CR626927.1:234661-234673-235157-235169	0	0	NA	0	0	NA
CR626927.1:2348297-2348312-2348442-2348457	0	0	NA	0	0	NA
CR626927.1:2352499-2352512-2352837-2352850	0	0	NA	0	0	NA
CR626927.1:2355875-2355889-2356329-2356343	0	0	NA	0	0	NA
CR626927.1:2356385-2356396-2356846-2356857	0	0	NA	0	0	NA
CR626927.1:2362946-2362959-2363608-2363621	0	0	NA	0	0	NA
CR626927.1:2365959-2365971-2366123-2366135	0	0	NA	0	0	NA
CR626927.1:2371975-2371988-2372315-2372328	0	0	NA	0	0	NA
CR626927.1:2372463-2372476-2373100-2373113	0	0	NA	0	0	NA
CR626927.1:237286-237297-237913-237924	0	0	NA	0	0	NA
CR626927.1:2374366-2374378-2374665-2374677	0	0	NA	0	0	NA
CR626927.1:2377038-2377050-2377102-2377114	0	0	NA	0	0	NA
CR626927.1:2378877-2378888-2379433-2379444	0	0	NA	0	0	NA
CR626927.1:2380291-2380311-2381010-2381030	0	0	NA	0	0	NA
CR626927.1:2381290-2381304-2381548-2381562	0	0	NA	0	0	NA
CR626927.1:2388043-2388054-2388259-2388270	0	0	NA	0	0	NA
CR626927.1:2388375-2388388-2388860-2388873	0	0	NA	0	0	NA
CR626927.1:238895-238908-239339-239352	0	0	NA	0	0	NA
CR626927.1:2390722-2390733-2391305-2391316	0	0	NA	0	0	NA
CR626927.1:2393068-2393090-2393159-2393181	0	0	NA	0	0	NA
CR626927.1:2395327-2395340-2395533-2395546	0	0	NA	0	0	NA
CR626927.1:2396974-2396987-2397312-2397325	0	0	NA	0	0	NA
CR626927.1:2398391-2398402-2399003-2399014	0	0	NA	0	0	NA
CR626927.1:2401625-2401640-2402183-2402198	0	0	NA	0	0	NA
CR626927.1:2402878-2402889-2403280-2403291	0	0	NA	0	0	NA
CR626927.1:2403702-2403715-2404125-2404138	0	0	NA	0	0	NA
CR626927.1:2405813-2405826-2405968-2405981	0	0	NA	0	0	NA
CR626927.1:2406646-2406666-2406725-2406745	0	0	NA	0	0	NA
CR626927.1:2407282-2407295-2407827-2407840	0	0	NA	0	0	NA
CR626927.1:2408026-2408042-2408157-2408173	0	0	NA	0	0	NA
CR626927.1:2409937-2409948-2410113-2410124	0	0	NA	0	0	NA
CR626927.1:2416549-2416583-2416917-2416951	0	0	NA	0	0	NA
CR626927.1:2417060-2417074-2417112-2417126	0	0	NA	0	0	NA
CR626927.1:2422717-2422731-2422931-2422945	0	0	NA	0	0	NA
CR626927.1:2424481-2424503-2424555-2424577	0	0	NA	0	0	NA
CR626927.1:2425965-2425985-2426031-2426051	0	0	NA	0	0	NA
CR626927.1:2429230-2429241-2429593-2429604	0	0	NA	0	0	NA
CR626927.1:2431314-2431329-2431405-2431420	0	0	NA	0	0	NA
CR626927.1:2433200-2433212-2433631-2433643	0	0	NA	0	0	NA
CR626927.1:2436191-2436204-2436649-2436662	0	0	NA	0	0	NA
CR626927.1:2437822-2437833-2438332-2438343	0	0	NA	0	0	NA
CR626927.1:2438664-2438678-2439231-2439245	0	0	NA	0	0	NA
CR626927.1:243906-243917-244462-244473	0	0	NA	0	0	NA
CR626927.1:2439672-2439686-2439859-2439873	0	0	NA	0	0	NA
CR626927.1:2442141-2442169-2442231-2442259	0	0	NA	0	0	NA
CR626927.1:2442643-2442655-2442753-2442765	0	0	NA	0	0	NA
CR626927.1:2451903-2451919-2452051-2452067	0	0	NA	0	0	NA
CR626927.1:2454344-2454358-2454647-2454661	0	0	NA	0	0	NA
CR626927.1:2456079-2456091-2456234-2456246	0	0	NA	0	0	NA
CR626927.1:2460825-2460840-2460901-2460916	0	0	NA	0	0	NA
CR626927.1:2462346-2462359-2462419-2462432	0	0	NA	0	0	NA
CR626927.1:2465155-2465168-2465427-2465440	0	0	NA	0	0	NA
CR626927.1:2466723-2466734-2467001-2467012	0	0	NA	0	0	NA
CR626927.1:2468676-2468689-2469004-2469017	0	0	NA	0	0	NA
CR626927.1:2469329-2469349-2469415-2469435	0	0	NA	0	0	NA
CR626927.1:2470804-2470818-2470914-2470928	0	0	NA	0	0	NA
CR626927.1:2470994-2471008-2471342-2471356	0	0	NA	0	0	NA
CR626927.1:2471718-2471729-2471982-2471993	0	0	NA	0	0	NA
CR626927.1:2472041-2472055-2472756-2472770	0	0	NA	0	0	NA
CR626927.1:2472895-2472908-2473056-2473069	0	0	NA	0	0	NA
CR626927.1:2474700-2474714-2475159-2475173	0	0	NA	0	0	NA
CR626927.1:2476541-2476552-2476687-2476698	0	0	NA	0	0	NA
CR626927.1:2479412-2479425-2479574-2479587	0	0	NA	0	0	NA
CR626927.1:247969-247982-248221-248234	0	0	NA	0	0	NA
CR626927.1:2480397-2480410-2480999-2481012	0	0	NA	0	0	NA
CR626927.1:2481215-2481227-2481829-2481841	0	0	NA	0	0	NA
CR626927.1:2482030-2482041-2482673-2482684	0	0	NA	0	0	NA
CR626927.1:2483635-2483647-2483715-2483727	0	0	NA	0	0	NA
CR626927.1:2484092-2484105-2484351-2484364	0	0	NA	0	0	NA
CR626927.1:2485910-2485923-2486639-2486652	0	0	NA	0	0	NA
CR626927.1:2486720-2486733-2486771-2486784	0	0	NA	0	0	NA
CR626927.1:248860-248874-249246-249260	0	0	NA	0	0	NA
CR626927.1:2491751-2491765-2492192-2492206	0	0	NA	0	0	NA
CR626927.1:24943-24965-25073-25095	0	0	NA	0	0	NA
CR626927.1:249604-249619-250176-250191	0	0	NA	0	0	NA
CR626927.1:2497462-2497475-2497742-2497755	0	0	NA	0	0	NA
CR626927.1:2505364-2505378-2505459-2505473	0	0	NA	0	0	NA
CR626927.1:2506901-2506916-2507141-2507156	0	0	NA	0	0	NA
CR626927.1:2511001-2511016-2511307-2511322	0	0	NA	0	0	NA
CR626927.1:2511840-2511853-2512487-2512500	0	0	NA	0	0	NA
CR626927.1:2512951-2512965-2513185-2513199	0	0	NA	0	0	NA
CR626927.1:2513714-2513725-2514407-2514418	0	0	NA	0	0	NA
CR626927.1:2514762-2514777-2515394-2515409	0	0	NA	0	0	NA
CR626927.1:2515929-2515942-2516590-2516603	0	0	NA	0	0	NA
CR626927.1:251802-251816-252328-252342	0	0	NA	0	0	NA
CR626927.1:2525515-2525528-2526115-2526128	0	0	NA	0	0	NA
CR626927.1:2529605-2529617-2529726-2529738	0	0	NA	0	0	NA
CR626927.1:2530364-2530377-2530633-2530646	0	0	NA	0	0	NA
CR626927.1:2531388-2531401-2531457-2531470	0	0	NA	0	0	NA
CR626927.1:2531942-2531955-2532225-2532238	0	0	NA	0	0	NA
CR626927.1:2539138-2539151-2539575-2539588	0	0	NA	0	0	NA
CR626927.1:2540694-2540709-2541212-2541227	0	0	NA	0	0	NA
CR626927.1:2544175-2544195-2544322-2544342	0	0	NA	0	0	NA
CR626927.1:2545431-2545445-2545491-2545505	0	0	NA	0	0	NA
CR626927.1:2548568-2548582-2548628-2548642	0	0	NA	0	0	NA
CR626927.1:2550930-2550941-2551324-2551335	0	0	NA	0	0	NA
CR626927.1:2552341-2552356-2552420-2552435	0	0	NA	0	0	NA
CR626927.1:2556028-2556042-2556530-2556544	0	0	NA	0	0	NA
CR626927.1:2557480-2557491-2557568-2557579	0	0	NA	0	0	NA
CR626927.1:2558376-2558389-2558795-2558808	0	0	NA	0	0	NA
CR626927.1:2564636-2564649-2564820-2564833	0	0	NA	0	0	NA
CR626927.1:2565350-2565361-2565960-2565971	0	0	NA	0	0	NA
CR626927.1:256910-256924-257297-257311	0	0	NA	0	0	NA
CR626927.1:2574237-2574249-2574528-2574540	0	0	NA	0	0	NA
CR626927.1:2576088-2576103-2576146-2576161	0	0	NA	0	0	NA
CR626927.1:2577661-2577674-2577972-2577985	0	0	NA	0	0	NA
CR626927.1:2579159-2579172-2579687-2579700	0	0	NA	0	0	NA
CR626927.1:2581605-2581616-2582281-2582292	0	0	NA	0	0	NA
CR626927.1:2583207-2583220-2583411-2583424	0	0	NA	0	0	NA
CR626927.1:258971-258985-259486-259500	0	0	NA	0	0	NA
CR626927.1:2590529-2590542-2590663-2590676	0	0	NA	0	0	NA
CR626927.1:2594229-2594240-2594760-2594771	0	0	NA	0	0	NA
CR626927.1:2596106-2596117-2596644-2596655	0	0	NA	0	0	NA
CR626927.1:2597267-2597280-2597878-2597891	0	0	NA	0	0	NA
CR626927.1:2598476-2598489-2599099-2599112	0	0	NA	0	0	NA
CR626927.1:2599127-2599138-2599730-2599741	0	0	NA	0	0	NA
CR626927.1:2603463-2603474-2604036-2604047	0	0	NA	0	0	NA
CR626927.1:2607399-2607412-2608010-2608023	0	0	NA	0	0	NA
CR626927.1:2609589-2609600-2609885-2609896	0	0	NA	0	0	NA
CR626927.1:2614201-2614215-2614669-2614683	0	0	NA	0	0	NA
CR626927.1:2622601-2622615-2622650-2622664	0	0	NA	0	0	NA
CR626927.1:2623235-2623249-2623490-2623504	0	0	NA	0	0	NA
CR626927.1:2624805-2624818-2625138-2625151	0	0	NA	0	0	NA
CR626927.1:2629276-2629289-2629857-2629870	0	0	NA	0	0	NA
CR626927.1:2633407-2633418-2634061-2634072	0	0	NA	0	0	NA
CR626927.1:263346-263357-263608-263619	0	0	NA	0	0	NA
CR626927.1:2634233-2634244-2634767-2634778	0	0	NA	0	0	NA
CR626927.1:2635691-2635704-2636169-2636182	0	0	NA	0	0	NA
CR626927.1:2639603-2639616-2639901-2639914	0	0	NA	0	0	NA
CR626927.1:2643533-2643552-2643867-2643886	0	0	NA	0	0	NA
CR626927.1:2644717-2644728-2645241-2645252	0	0	NA	0	0	NA
CR626927.1:2646093-2646104-2646175-2646186	0	0	NA	0	0	NA
CR626927.1:2647660-2647673-2647894-2647907	0	0	NA	0	0	NA
CR626927.1:2652711-2652726-2652789-2652804	0	0	NA	0	0	NA
CR626927.1:2655756-2655768-2655983-2655995	0	0	NA	0	0	NA
CR626927.1:2656219-2656232-2656620-2656633	0	0	NA	0	0	NA
CR626927.1:265662-265673-266075-266086	0	0	NA	0	0	NA
CR626927.1:2657148-2657161-2657249-2657262	0	0	NA	0	0	NA
CR626927.1:2660125-2660139-2660494-2660508	0	0	NA	0	0	NA
CR626927.1:2665316-2665329-2665614-2665627	0	0	NA	0	0	NA
CR626927.1:2667170-2667182-2667676-2667688	0	0	NA	0	0	NA
CR626927.1:2671037-2671050-2671702-2671715	0	0	NA	0	0	NA
CR626927.1:2673109-2673123-2673522-2673536	0	0	NA	0	0	NA
CR626927.1:2681553-2681567-2682152-2682166	0	0	NA	0	0	NA
CR626927.1:2682764-2682775-2683012-2683023	0	0	NA	0	0	NA
CR626927.1:2683591-2683602-2684250-2684261	0	0	NA	0	0	NA
CR626927.1:2684582-2684593-2685305-2685316	0	0	NA	0	0	NA
CR626927.1:2687021-2687035-2687148-2687162	0	0	NA	0	0	NA
CR626927.1:2688301-2688312-2688807-2688818	0	0	NA	0	0	NA
CR626927.1:2689631-2689642-2689898-2689909	0	0	NA	0	0	NA
CR626927.1:2690274-2690287-2690620-2690633	0	0	NA	0	0	NA
CR626927.1:2690799-2690810-2691490-2691501	0	0	NA	0	0	NA
CR626927.1:2697019-2697030-2697195-2697206	0	0	NA	0	0	NA
CR626927.1:2698818-2698836-2698875-2698893	0	0	NA	0	0	NA
CR626927.1:2700626-2700643-2700827-2700844	0	0	NA	0	0	NA
CR626927.1:2701526-2701539-2701809-2701822	0	0	NA	0	0	NA
CR626927.1:270510-270522-270903-270915	0	0	NA	0	0	NA
CR626927.1:2706723-2706735-2707196-2707208	0	0	NA	0	0	NA
CR626927.1:2707296-2707309-2707358-2707371	0	0	NA	0	0	NA
CR626927.1:2708355-2708369-2708454-2708468	0	0	NA	0	0	NA
CR626927.1:2708814-2708826-2708947-2708959	0	0	NA	0	0	NA
CR626927.1:271096-271109-271709-271722	0	0	NA	0	0	NA
CR626927.1:2714746-2714757-2715104-2715115	0	0	NA	0	0	NA
CR626927.1:2715439-2715452-2715846-2715859	0	0	NA	0	0	NA
CR626927.1:2719353-2719366-2719725-2719738	0	0	NA	0	0	NA
CR626927.1:2723520-2723533-2723622-2723635	0	0	NA	0	0	NA
CR626927.1:2724349-2724360-2724855-2724866	0	0	NA	0	0	NA
CR626927.1:2726826-2726839-2727469-2727482	0	0	NA	0	0	NA
CR626927.1:272958-272973-273608-273623	0	0	NA	0	0	NA
CR626927.1:2730316-2730329-2730418-2730431	0	0	NA	0	0	NA
CR626927.1:2731947-2731960-2732437-2732450	0	0	NA	0	0	NA
CR626927.1:2733326-2733337-2733822-2733833	0	0	NA	0	0	NA
CR626927.1:2736082-2736093-2736232-2736243	0	0	NA	0	0	NA
CR626927.1:2736524-2736538-2736615-2736629	0	0	NA	0	0	NA
CR626927.1:2737004-2737015-2737143-2737154	0	0	NA	0	0	NA
CR626927.1:2748720-2748733-2748863-2748876	0	0	NA	0	0	NA
CR626927.1:2748900-2748913-2749057-2749070	0	0	NA	0	0	NA
CR626927.1:2751937-2751951-2752560-2752574	0	0	NA	0	0	NA
CR626927.1:2755229-2755240-2755410-2755421	0	0	NA	0	0	NA
CR626927.1:2759441-2759452-2760008-2760019	0	0	NA	0	0	NA
CR626927.1:2760036-2760049-2760311-2760324	0	0	NA	0	0	NA
CR626927.1:2761557-2761571-2761606-2761620	0	0	NA	0	0	NA
CR626927.1:2765830-2765841-2765900-2765911	0	0	NA	0	0	NA
CR626927.1:2766204-2766217-2766459-2766472	0	0	NA	0	0	NA
CR626927.1:2772933-2772945-2773432-2773444	0	0	NA	0	0	NA
CR626927.1:2783241-2783254-2783870-2783883	0	0	NA	0	0	NA
CR626927.1:2793566-2793579-2794026-2794039	0	0	NA	0	0	NA
CR626927.1:2795224-2795237-2795929-2795942	0	0	NA	0	0	NA
CR626927.1:2796563-2796576-2796613-2796626	0	0	NA	0	0	NA
CR626927.1:2805664-2805678-2806286-2806300	0	0	NA	0	0	NA
CR626927.1:2810237-2810248-2810449-2810460	0	0	NA	0	0	NA
CR626927.1:2812338-2812352-2812956-2812970	0	0	NA	0	0	NA
CR626927.1:2813856-2813869-2814223-2814236	0	0	NA	0	0	NA
CR626927.1:2814616-2814630-2815258-2815272	0	0	NA	0	0	NA
CR626927.1:2815971-2815982-2816584-2816595	0	0	NA	0	0	NA
CR626927.1:2816817-2816832-2816934-2816949	0	0	NA	0	0	NA
CR626927.1:2820377-2820389-2820599-2820611	0	0	NA	0	0	NA
CR626927.1:2821710-2821721-2822048-2822059	0	0	NA	0	0	NA
CR626927.1:2826024-2826037-2826603-2826616	0	0	NA	0	0	NA
CR626927.1:2829646-2829657-2829776-2829787	0	0	NA	0	0	NA
CR626927.1:2831674-2831687-2831901-2831914	0	0	NA	0	0	NA
CR626927.1:2834158-2834170-2834217-2834229	0	0	NA	0	0	NA
CR626927.1:283812-283825-284507-284520	0	0	NA	0	0	NA
CR626927.1:2838346-2838357-2838761-2838772	0	0	NA	0	0	NA
CR626927.1:2841266-2841277-2841534-2841545	0	0	NA	0	0	NA
CR626927.1:2842958-2842972-2843418-2843432	0	0	NA	0	0	NA
CR626927.1:2844707-2844718-2845037-2845048	0	0	NA	0	0	NA
CR626927.1:2845679-2845690-2845944-2845955	0	0	NA	0	0	NA
CR626927.1:2848223-2848234-2848896-2848907	0	0	NA	0	0	NA
CR626927.1:2849972-2849985-2850571-2850584	0	0	NA	0	0	NA
CR626927.1:2851096-2851110-2851380-2851394	0	0	NA	0	0	NA
CR626927.1:2853602-2853615-2854053-2854066	0	0	NA	0	0	NA
CR626927.1:2854655-2854669-2854901-2854915	0	0	NA	0	0	NA
CR626927.1:2858707-2858718-2859336-2859347	0	0	NA	0	0	NA
CR626927.1:2859533-2859545-2859821-2859833	0	0	NA	0	0	NA
CR626927.1:2860099-2860114-2860150-2860165	0	0	NA	0	0	NA
CR626927.1:2861002-2861015-2861189-2861202	0	0	NA	0	0	NA
CR626927.1:2863786-2863799-2863975-2863988	0	0	NA	0	0	NA
CR626927.1:2864247-2864258-2864716-2864727	0	0	NA	0	0	NA
CR626927.1:2868525-2868536-2869084-2869095	0	0	NA	0	0	NA
CR626927.1:2869743-2869756-2870134-2870147	0	0	NA	0	0	NA
CR626927.1:2870170-2870181-2870511-2870522	0	0	NA	0	0	NA
CR626927.1:2874064-2874075-2874109-2874120	0	0	NA	0	0	NA
CR626927.1:287643-287656-288093-288106	0	0	NA	0	0	NA
CR626927.1:2878366-2878380-2878635-2878649	0	0	NA	0	0	NA
CR626927.1:2880335-2880348-2880924-2880937	0	0	NA	0	0	NA
CR626927.1:2882202-2882216-2882651-2882665	0	0	NA	0	0	NA
CR626927.1:2883673-2883686-2883787-2883800	0	0	NA	0	0	NA
CR626927.1:2885208-2885221-2885572-2885585	0	0	NA	0	0	NA
CR626927.1:288865-288878-289252-289265	0	0	NA	0	0	NA
CR626927.1:2888921-2888932-2888966-2888977	0	0	NA	0	0	NA
CR626927.1:289734-289748-289925-289939	0	0	NA	0	0	NA
CR626927.1:2906324-2906336-2906435-2906447	0	0	NA	0	0	NA
CR626927.1:2906926-2906939-2907445-2907458	0	0	NA	0	0	NA
CR626927.1:2909389-2909402-2910046-2910059	0	0	NA	0	0	NA
CR626927.1:2912058-2912073-2912216-2912231	0	0	NA	0	0	NA
CR626927.1:2913219-2913232-2913589-2913602	0	0	NA	0	0	NA
CR626927.1:2914974-2914987-2915697-2915710	0	0	NA	0	0	NA
CR626927.1:2916915-2916926-2917413-2917424	0	0	NA	0	0	NA
CR626927.1:2917634-2917647-2917849-2917862	0	0	NA	0	0	NA
CR626927.1:2922793-2922806-2922876-2922889	0	0	NA	0	0	NA
CR626927.1:292380-292393-292916-292929	0	0	NA	0	0	NA
CR626927.1:2924343-2924354-2924874-2924885	0	0	NA	0	0	NA
CR626927.1:2925779-2925792-2925869-2925882	0	0	NA	0	0	NA
CR626927.1:2927477-2927490-2928118-2928131	0	0	NA	0	0	NA
CR626927.1:2931028-2931041-2931390-2931403	0	0	NA	0	0	NA
CR626927.1:2939043-2939060-2939146-2939163	0	0	NA	0	0	NA
CR626927.1:2940010-2940024-2940067-2940081	0	0	NA	0	0	NA
CR626927.1:2940576-2940587-2941308-2941319	0	0	NA	0	0	NA
CR626927.1:2946028-2946039-2946573-2946584	0	0	NA	0	0	NA
CR626927.1:2954074-2954085-2954616-2954627	0	0	NA	0	0	NA
CR626927.1:2955668-2955700-2956082-2956114	0	0	NA	0	0	NA
CR626927.1:2963552-2963563-2964093-2964104	0	0	NA	0	0	NA
CR626927.1:2967783-2967796-2968397-2968410	0	0	NA	0	0	NA
CR626927.1:2969739-2969752-2970177-2970190	0	0	NA	0	0	NA
CR626927.1:2977845-2977862-2978071-2978088	0	0	NA	0	0	NA
CR626927.1:2978432-2978443-2979004-2979015	0	0	NA	0	0	NA
CR626927.1:2979722-2979743-2979805-2979826	0	0	NA	0	0	NA
CR626927.1:2981158-2981171-2981531-2981544	0	0	NA	0	0	NA
CR626927.1:2981580-2981593-2982266-2982279	0	0	NA	0	0	NA
CR626927.1:2982956-2982976-2983010-2983030	0	0	NA	0	0	NA
CR626927.1:2983389-2983402-2983925-2983938	0	0	NA	0	0	NA
CR626927.1:2984294-2984308-2984684-2984698	0	0	NA	0	0	NA
CR626927.1:2986056-2986070-2986167-2986181	0	0	NA	0	0	NA
CR626927.1:2987002-2987015-2987152-2987165	0	0	NA	0	0	NA
CR626927.1:2987561-2987574-2987666-2987679	0	0	NA	0	0	NA
CR626927.1:299108-299121-299828-299841	0	0	NA	0	0	NA
CR626927.1:2991485-2991498-2991962-2991975	0	0	NA	0	0	NA
CR626927.1:2994350-2994362-2994528-2994540	0	0	NA	0	0	NA
CR626927.1:2996372-2996383-2996544-2996555	0	0	NA	0	0	NA
CR626927.1:2996830-2996857-2996892-2996919	0	0	NA	0	0	NA
CR626927.1:3000598-3000609-3000843-3000854	0	0	NA	0	0	NA
CR626927.1:3002698-3002711-3002841-3002854	0	0	NA	0	0	NA
CR626927.1:3003334-3003351-3003679-3003696	0	0	NA	0	0	NA
CR626927.1:3007450-3007462-3008083-3008095	0	0	NA	0	0	NA
CR626927.1:301427-301440-301941-301954	0	0	NA	0	0	NA
CR626927.1:3019525-3019536-3020109-3020120	0	0	NA	0	0	NA
CR626927.1:3021060-3021073-3021205-3021218	0	0	NA	0	0	NA
CR626927.1:3025031-3025042-3025579-3025590	0	0	NA	0	0	NA
CR626927.1:3027096-3027109-3027215-3027228	0	0	NA	0	0	NA
CR626927.1:303102-303115-303462-303475	0	0	NA	0	0	NA
CR626927.1:3031888-3031902-3032295-3032309	0	0	NA	0	0	NA
CR626927.1:3032389-3032408-3032576-3032595	0	0	NA	0	0	NA
CR626927.1:3033078-3033096-3033146-3033164	0	0	NA	0	0	NA
CR626927.1:3039171-3039184-3039873-3039886	0	0	NA	0	0	NA
CR626927.1:3044675-3044688-3044796-3044809	0	0	NA	0	0	NA
CR626927.1:3045183-3045197-3045487-3045501	0	0	NA	0	0	NA
CR626927.1:3045684-3045697-3045777-3045790	0	0	NA	0	0	NA
CR626927.1:3049089-3049100-3049286-3049297	0	0	NA	0	0	NA
CR626927.1:3050300-3050312-3050627-3050639	0	0	NA	0	0	NA
CR626927.1:3057160-3057174-3057779-3057793	0	0	NA	0	0	NA
CR626927.1:3059159-3059170-3059319-3059330	0	0	NA	0	0	NA
CR626927.1:3062844-3062858-3063419-3063433	0	0	NA	0	0	NA
CR626927.1:3068925-3068938-3069450-3069463	0	0	NA	0	0	NA
CR626927.1:3072086-3072100-3072321-3072335	0	0	NA	0	0	NA
CR626927.1:3072635-3072646-3072790-3072801	0	0	NA	0	0	NA
CR626927.1:3073185-3073198-3073749-3073762	0	0	NA	0	0	NA
CR626927.1:3074256-3074270-3074431-3074445	0	0	NA	0	0	NA
CR626927.1:3087672-3087684-3088216-3088228	0	0	NA	0	0	NA
CR626927.1:3091531-3091544-3091606-3091619	0	0	NA	0	0	NA
CR626927.1:3096690-3096701-3097313-3097324	0	0	NA	0	0	NA
CR626927.1:3100341-3100354-3100611-3100624	0	0	NA	0	0	NA
CR626927.1:3104508-3104524-3104574-3104590	0	0	NA	0	0	NA
CR626927.1:3106107-3106120-3106185-3106198	0	0	NA	0	0	NA
CR626927.1:3109939-3109953-3110339-3110353	0	0	NA	0	0	NA
CR626927.1:3110842-3110878-3110981-3111017	0	0	NA	0	0	NA
CR626927.1:3112623-3112657-3112899-3112933	0	0	NA	0	0	NA
CR626927.1:3115458-3115469-3115866-3115877	0	0	NA	0	0	NA
CR626927.1:311548-311562-311823-311837	0	0	NA	0	0	NA
CR626927.1:3116122-3116147-3116193-3116218	0	0	NA	0	0	NA
CR626927.1:3118695-3118727-3118766-3118798	0	0	NA	0	0	NA
CR626927.1:3120312-3120333-3120387-3120408	0	0	NA	0	0	NA
CR626927.1:3121694-3121706-3121807-3121819	0	0	NA	0	0	NA
CR626927.1:312250-312264-312428-312442	0	0	NA	0	0	NA
CR626927.1:3122722-3122734-3123229-3123241	0	0	NA	0	0	NA
CR626927.1:3125674-3125686-3125757-3125769	0	0	NA	0	0	NA
CR626927.1:3125879-3125890-3125939-3125950	0	0	NA	0	0	NA
CR626927.1:3126604-3126615-3126789-3126800	0	0	NA	0	0	NA
CR626927.1:3130036-3130047-3130360-3130371	0	0	NA	0	0	NA
CR626927.1:3132896-3132909-3133337-3133350	0	0	NA	0	0	NA
CR626927.1:3136095-3136108-3136738-3136751	0	0	NA	0	0	NA
CR626927.1:3137519-3137530-3137856-3137867	0	0	NA	0	0	NA
CR626927.1:314462-314475-314704-314717	0	0	NA	0	0	NA
CR626927.1:3144907-3144920-3144989-3145002	0	0	NA	0	0	NA
CR626927.1:3145893-3145904-3146362-3146373	0	0	NA	0	0	NA
CR626927.1:3146437-3146449-3146851-3146863	0	0	NA	0	0	NA
CR626927.1:3147054-3147066-3147229-3147241	0	0	NA	0	0	NA
CR626927.1:3149555-3149567-3149942-3149954	0	0	NA	0	0	NA
CR626927.1:315535-315552-315604-315621	0	0	NA	0	0	NA
CR626927.1:3162670-3162681-3162930-3162941	0	0	NA	0	0	NA
CR626927.1:316807-316820-317025-317038	0	0	NA	0	0	NA
CR626927.1:3174054-3174065-3174705-3174716	0	0	NA	0	0	NA
CR626927.1:3176600-3176614-3177252-3177266	0	0	NA	0	0	NA
CR626927.1:3177601-3177612-3177873-3177884	0	0	NA	0	0	NA
CR626927.1:3178388-3178399-3178865-3178876	0	0	NA	0	0	NA
CR626927.1:3186651-3186665-3187168-3187182	0	0	NA	0	0	NA
CR626927.1:3188697-3188711-3188770-3188784	0	0	NA	0	0	NA
CR626927.1:3188931-3188942-3189468-3189479	0	0	NA	0	0	NA
CR626927.1:3197065-3197076-3197370-3197381	0	0	NA	0	0	NA
CR626927.1:3198441-3198454-3198607-3198620	0	0	NA	0	0	NA
CR626927.1:3201013-3201025-3201332-3201344	0	0	NA	0	0	NA
CR626927.1:3201553-3201564-3201639-3201650	0	0	NA	0	0	NA
CR626927.1:3203415-3203426-3203607-3203618	0	0	NA	0	0	NA
CR626927.1:3207145-3207156-3207678-3207689	0	0	NA	0	0	NA
CR626927.1:3212159-3212172-3212526-3212539	0	0	NA	0	0	NA
CR626927.1:3216993-3217008-3217095-3217110	0	0	NA	0	0	NA
CR626927.1:321841-321852-322018-322029	0	0	NA	0	0	NA
CR626927.1:3218893-3218910-3218958-3218975	0	0	NA	0	0	NA
CR626927.1:3219485-3219498-3220018-3220031	0	0	NA	0	0	NA
CR626927.1:3221222-3221233-3221560-3221571	0	0	NA	0	0	NA
CR626927.1:3222831-3222866-3222993-3223028	0	0	NA	0	0	NA
CR626927.1:3223885-3223898-3223964-3223977	0	0	NA	0	0	NA
CR626927.1:3224074-3224088-3224207-3224221	0	0	NA	0	0	NA
CR626927.1:3224865-3224881-3224947-3224963	0	0	NA	0	0	NA
CR626927.1:3230428-3230444-3230538-3230554	0	0	NA	0	0	NA
CR626927.1:32322-32333-32957-32968	0	0	NA	0	0	NA
CR626927.1:3233108-3233127-3233699-3233718	0	0	NA	0	0	NA
CR626927.1:3234739-3234758-3234799-3234818	0	0	NA	0	0	NA
CR626927.1:3234948-3234959-3235482-3235493	0	0	NA	0	0	NA
CR626927.1:3238171-3238182-3238777-3238788	0	0	NA	0	0	NA
CR626927.1:3238802-3238815-3239183-3239196	0	0	NA	0	0	NA
CR626927.1:3239703-3239732-3240047-3240076	0	0	NA	0	0	NA
CR626927.1:3241596-3241612-3241650-3241666	0	0	NA	0	0	NA
CR626927.1:3245633-3245653-3245753-3245773	0	0	NA	0	0	NA
CR626927.1:3246702-3246722-3246760-3246780	0	0	NA	0	0	NA
CR626927.1:3254003-3254014-3254192-3254203	0	0	NA	0	0	NA
CR626927.1:3255152-3255165-3255738-3255751	0	0	NA	0	0	NA
CR626927.1:3256037-3256050-3256762-3256775	0	0	NA	0	0	NA
CR626927.1:3257771-3257785-3257877-3257891	0	0	NA	0	0	NA
CR626927.1:3258646-3258660-3259101-3259115	0	0	NA	0	0	NA
CR626927.1:3260691-3260705-3261295-3261309	0	0	NA	0	0	NA
CR626927.1:3261683-3261696-3262264-3262277	0	0	NA	0	0	NA
CR626927.1:3262385-3262398-3262549-3262562	0	0	NA	0	0	NA
CR626927.1:3263636-3263652-3263992-3264008	0	0	NA	0	0	NA
CR626927.1:3267198-3267211-3267287-3267300	0	0	NA	0	0	NA
CR626927.1:3268188-3268199-3268489-3268500	0	0	NA	0	0	NA
CR626927.1:327379-327394-327512-327527	0	0	NA	0	0	NA
CR626927.1:3274378-3274391-3274601-3274614	0	0	NA	0	0	NA
CR626927.1:3275305-3275318-3275931-3275944	0	0	NA	0	0	NA
CR626927.1:3276964-3276975-3277465-3277476	0	0	NA	0	0	NA
CR626927.1:3277479-3277490-3278199-3278210	0	0	NA	0	0	NA
CR626927.1:3284477-3284494-3284680-3284697	0	0	NA	0	0	NA
CR626927.1:3286300-3286313-3286387-3286400	0	0	NA	0	0	NA
CR626927.1:3288217-3288236-3288294-3288313	0	0	NA	0	0	NA
CR626927.1:3290021-3290035-3290591-3290605	0	0	NA	0	0	NA
CR626927.1:3292282-3292293-3293015-3293026	0	0	NA	0	0	NA
CR626927.1:3295213-3295226-3295913-3295926	0	0	NA	0	0	NA
CR626927.1:3297073-3297086-3297782-3297795	0	0	NA	0	0	NA
CR626927.1:3301447-3301458-3301737-3301748	0	0	NA	0	0	NA
CR626927.1:3305500-3305513-3306069-3306082	0	0	NA	0	0	NA
CR626927.1:3308517-3308529-3308805-3308817	0	0	NA	0	0	NA
CR626927.1:3311442-3311455-3311925-3311938	0	0	NA	0	0	NA
CR626927.1:3313515-3313529-3313572-3313586	0	0	NA	0	0	NA
CR626927.1:3318927-3318942-3319327-3319342	0	0	NA	0	0	NA
CR626927.1:3319592-3319603-3320269-3320280	0	0	NA	0	0	NA
CR626927.1:3321224-3321238-3321842-3321856	0	0	NA	0	0	NA
CR626927.1:3327666-3327677-3328014-3328025	0	0	NA	0	0	NA
CR626927.1:3328215-3328226-3328259-3328270	0	0	NA	0	0	NA
CR626927.1:3331538-3331551-3332120-3332133	0	0	NA	0	0	NA
CR626927.1:333209-333222-333935-333948	0	0	NA	0	0	NA
CR626927.1:3334789-3334812-3334869-3334892	0	0	NA	0	0	NA
CR626927.1:3339259-3339272-3339706-3339719	0	0	NA	0	0	NA
CR626927.1:3341781-3341802-3342068-3342089	0	0	NA	0	0	NA
CR626927.1:3344093-3344106-3344565-3344578	0	0	NA	0	0	NA
CR626927.1:3349336-3349363-3349414-3349441	0	0	NA	0	0	NA
CR626927.1:3351893-3351904-3352242-3352253	0	0	NA	0	0	NA
CR626927.1:3364632-3364645-3364947-3364960	0	0	NA	0	0	NA
CR626927.1:3368248-3368262-3368767-3368781	0	0	NA	0	0	NA
CR626927.1:3375984-3375997-3376719-3376732	0	0	NA	0	0	NA
CR626927.1:3377020-3377031-3377390-3377401	0	0	NA	0	0	NA
CR626927.1:3378827-3378840-3379400-3379413	0	0	NA	0	0	NA
CR626927.1:3380020-3380033-3380339-3380352	0	0	NA	0	0	NA
CR626927.1:3380428-3380439-3380857-3380868	0	0	NA	0	0	NA
CR626927.1:3381604-3381615-3381654-3381665	0	0	NA	0	0	NA
CR626927.1:3383509-3383520-3383748-3383759	0	0	NA	0	0	NA
CR626927.1:3394539-3394552-3394858-3394871	0	0	NA	0	0	NA
CR626927.1:33962-33973-34644-34655	0	0	NA	0	0	NA
CR626927.1:3399045-3399056-3399402-3399413	0	0	NA	0	0	NA
CR626927.1:3401664-3401675-3402265-3402276	0	0	NA	0	0	NA
CR626927.1:3404052-3404081-3404197-3404226	0	0	NA	0	0	NA
CR626927.1:3406826-3406843-3406906-3406923	0	0	NA	0	0	NA
CR626927.1:3409217-3409230-3409731-3409744	0	0	NA	0	0	NA
CR626927.1:3410375-3410386-3410458-3410469	0	0	NA	0	0	NA
CR626927.1:3415682-3415695-3415736-3415749	0	0	NA	0	0	NA
CR626927.1:3415884-3415897-3416127-3416140	0	0	NA	0	0	NA
CR626927.1:341921-341951-342409-342439	0	0	NA	0	0	NA
CR626927.1:3420199-3420214-3420307-3420322	0	0	NA	0	0	NA
CR626927.1:3420743-3420759-3421201-3421217	0	0	NA	0	0	NA
CR626927.1:3422974-3422985-3423348-3423359	0	0	NA	0	0	NA
CR626927.1:3424658-3424670-3425172-3425184	0	0	NA	0	0	NA
CR626927.1:342711-342724-342842-342855	0	0	NA	0	0	NA
CR626927.1:3428779-3428792-3428975-3428988	0	0	NA	0	0	NA
CR626927.1:3429083-3429096-3429455-3429468	0	0	NA	0	0	NA
CR626927.1:3430711-3430722-3431148-3431159	0	0	NA	0	0	NA
CR626927.1:3432043-3432054-3432164-3432175	0	0	NA	0	0	NA
CR626927.1:3433480-3433500-3433579-3433599	0	0	NA	0	0	NA
CR626927.1:3440177-3440188-3440730-3440741	0	0	NA	0	0	NA
CR626927.1:3442934-3442947-3443334-3443347	0	0	NA	0	0	NA
CR626927.1:3443548-3443559-3444017-3444028	0	0	NA	0	0	NA
CR626927.1:3452017-3452047-3452082-3452112	0	0	NA	0	0	NA
CR626927.1:3454255-3454269-3454781-3454795	0	0	NA	0	0	NA
CR626927.1:345508-345522-345661-345675	0	0	NA	0	0	NA
CR626927.1:3455639-3455652-3456067-3456080	0	0	NA	0	0	NA
CR626927.1:3456153-3456164-3456661-3456672	0	0	NA	0	0	NA
CR626927.1:3456684-3456695-3457378-3457389	0	0	NA	0	0	NA
CR626927.1:3461777-3461789-3462102-3462114	0	0	NA	0	0	NA
CR626927.1:3466133-3466164-3466220-3466251	0	0	NA	0	0	NA
CR626927.1:3470377-3470388-3470572-3470583	0	0	NA	0	0	NA
CR626927.1:3470721-3470734-3471064-3471077	0	0	NA	0	0	NA
CR626927.1:3475120-3475133-3475659-3475672	0	0	NA	0	0	NA
CR626927.1:3476155-3476168-3476784-3476797	0	0	NA	0	0	NA
CR626927.1:3482434-3482445-3483001-3483012	0	0	NA	0	0	NA
CR626927.1:3484780-3484794-3485033-3485047	0	0	NA	0	0	NA
CR626927.1:3487710-3487723-3488150-3488163	0	0	NA	0	0	NA
CR626927.1:3489246-3489260-3489416-3489430	0	0	NA	0	0	NA
CR626927.1:3490906-3490917-3491618-3491629	0	0	NA	0	0	NA
CR626927.1:3492292-3492306-3492772-3492786	0	0	NA	0	0	NA
CR626927.1:3495076-3495090-3495142-3495156	0	0	NA	0	0	NA
CR626927.1:3496874-3496885-3497273-3497284	0	0	NA	0	0	NA
CR626927.1:3502460-3502473-3502685-3502698	0	0	NA	0	0	NA
CR626927.1:3506686-3506699-3507219-3507232	0	0	NA	0	0	NA
CR626927.1:3507598-3507611-3507972-3507985	0	0	NA	0	0	NA
CR626927.1:3512760-3512773-3513311-3513324	0	0	NA	0	0	NA
CR626927.1:3517507-3517520-3517598-3517611	0	0	NA	0	0	NA
CR626927.1:3522833-3522847-3523441-3523455	0	0	NA	0	0	NA
CR626927.1:3524516-3524529-3524601-3524614	0	0	NA	0	0	NA
CR626927.1:3526692-3526705-3526814-3526827	0	0	NA	0	0	NA
CR626927.1:353153-353166-353500-353513	0	0	NA	0	0	NA
CR626927.1:3532579-3532592-3532982-3532995	0	0	NA	0	0	NA
CR626927.1:3537386-3537400-3537477-3537491	0	0	NA	0	0	NA
CR626927.1:3539260-3539273-3539335-3539348	0	0	NA	0	0	NA
CR626927.1:3542873-3542887-3543052-3543066	0	0	NA	0	0	NA
CR626927.1:354297-354310-354920-354933	0	0	NA	0	0	NA
CR626927.1:3544276-3544295-3544601-3544620	0	0	NA	0	0	NA
CR626927.1:3546601-3546614-3546749-3546762	0	0	NA	0	0	NA
CR626927.1:3546990-3547003-3547243-3547256	0	0	NA	0	0	NA
CR626927.1:3547600-3547613-3548075-3548088	0	0	NA	0	0	NA
CR626927.1:3554133-3554144-3554374-3554385	0	0	NA	0	0	NA
CR626927.1:355459-355472-356033-356046	0	0	NA	0	0	NA
CR626927.1:3554851-3554865-3555341-3555355	0	0	NA	0	0	NA
CR626927.1:356600-356611-356939-356950	0	0	NA	0	0	NA
CR626927.1:3570324-3570335-3570405-3570416	0	0	NA	0	0	NA
CR626927.1:35710-35721-36154-36165	0	0	NA	0	0	NA
CR626927.1:3575025-3575038-3575707-3575720	0	0	NA	0	0	NA
CR626927.1:3575745-3575758-3575809-3575822	0	0	NA	0	0	NA
CR626927.1:3582566-3582578-3582680-3582692	0	0	NA	0	0	NA
CR626927.1:3583003-3583016-3583102-3583115	0	0	NA	0	0	NA
CR626927.1:3584069-3584083-3584202-3584216	0	0	NA	0	0	NA
CR626927.1:3587161-3587175-3587825-3587839	0	0	NA	0	0	NA
CR626927.1:3596632-3596663-3596696-3596727	0	0	NA	0	0	NA
CR626927.1:3599766-3599779-3600286-3600299	0	0	NA	0	0	NA
CR626927.1:3600761-3600772-3600888-3600899	0	0	NA	0	0	NA
CR626927.1:3605626-3605640-3605708-3605722	0	0	NA	0	0	NA
CR626927.1:3605918-3605930-3606085-3606097	0	0	NA	0	0	NA
CR626927.1:3607518-3607529-3608253-3608264	0	0	NA	0	0	NA
CR626927.1:3608682-3608695-3609212-3609225	0	0	NA	0	0	NA
CR626927.1:3611009-3611020-3611194-3611205	0	0	NA	0	0	NA
CR626927.1:3612613-3612626-3613003-3613016	0	0	NA	0	0	NA
CR626927.1:3618169-3618187-3618248-3618266	0	0	NA	0	0	NA
CR626927.1:3619008-3619019-3619626-3619637	0	0	NA	0	0	NA
CR626927.1:3619727-3619738-3619917-3619928	0	0	NA	0	0	NA
CR626927.1:3629781-3629794-3629952-3629965	0	0	NA	0	0	NA
CR626927.1:3633389-3633402-3633439-3633452	0	0	NA	0	0	NA
CR626927.1:3634501-3634514-3634699-3634712	0	0	NA	0	0	NA
CR626927.1:3638099-3638112-3638607-3638620	0	0	NA	0	0	NA
CR626927.1:363906-363919-364472-364485	0	0	NA	0	0	NA
CR626927.1:3640630-3640643-3641034-3641047	0	0	NA	0	0	NA
CR626927.1:3643013-3643027-3643234-3643248	0	0	NA	0	0	NA
CR626927.1:3645251-3645264-3645297-3645310	0	0	NA	0	0	NA
CR626927.1:364785-364798-365100-365113	0	0	NA	0	0	NA
CR626927.1:3648625-3648638-3649264-3649277	0	0	NA	0	0	NA
CR626927.1:3657515-3657528-3658193-3658206	0	0	NA	0	0	NA
CR626927.1:365847-365858-366526-366537	0	0	NA	0	0	NA
CR626927.1:3666855-3666866-3666948-3666959	0	0	NA	0	0	NA
CR626927.1:3670848-3670861-3671035-3671048	0	0	NA	0	0	NA
CR626927.1:3673940-3673951-3674461-3674472	0	0	NA	0	0	NA
CR626927.1:3680553-3680583-3680615-3680645	0	0	NA	0	0	NA
CR626927.1:3693258-3693271-3693384-3693397	0	0	NA	0	0	NA
CR626927.1:3694181-3694192-3694648-3694659	0	0	NA	0	0	NA
CR626927.1:3695762-3695779-3695839-3695856	0	0	NA	0	0	NA
CR626927.1:3699509-3699523-3700139-3700153	0	0	NA	0	0	NA
CR626927.1:3700391-3700409-3700495-3700513	0	0	NA	0	0	NA
CR626927.1:3702817-3702849-3702911-3702943	0	0	NA	0	0	NA
CR626927.1:3704466-3704477-3704855-3704866	0	0	NA	0	0	NA
CR626927.1:3706826-3706839-3707403-3707416	0	0	NA	0	0	NA
CR626927.1:3710158-3710169-3710606-3710617	0	0	NA	0	0	NA
CR626927.1:3714231-3714259-3714297-3714325	0	0	NA	0	0	NA
CR626927.1:3717716-3717729-3717775-3717788	0	0	NA	0	0	NA
CR626927.1:3724745-3724758-3725107-3725120	0	0	NA	0	0	NA
CR626927.1:372709-372720-373042-373053	0	0	NA	0	0	NA
CR626927.1:3728063-3728079-3728390-3728406	0	0	NA	0	0	NA
CR626927.1:3733125-3733136-3733329-3733340	0	0	NA	0	0	NA
CR626927.1:3733682-3733693-3733854-3733865	0	0	NA	0	0	NA
CR626927.1:3733977-3733988-3734686-3734697	0	0	NA	0	0	NA
CR626927.1:373788-373801-373952-373965	0	0	NA	0	0	NA
CR626927.1:3740653-3740666-3740738-3740751	0	0	NA	0	0	NA
CR626927.1:3742572-3742583-3742833-3742844	0	0	NA	0	0	NA
CR626927.1:3744726-3744739-3745278-3745291	0	0	NA	0	0	NA
CR626927.1:3746506-3746519-3747061-3747074	0	0	NA	0	0	NA
CR626927.1:3747306-3747319-3747901-3747914	0	0	NA	0	0	NA
CR626927.1:3751165-3751181-3751231-3751247	0	0	NA	0	0	NA
CR626927.1:3753004-3753017-3753652-3753665	0	0	NA	0	0	NA
CR626927.1:3755962-3755976-3756557-3756571	0	0	NA	0	0	NA
CR626927.1:375643-375666-375712-375735	0	0	NA	0	0	NA
CR626927.1:3756678-3756692-3757302-3757316	0	0	NA	0	0	NA
CR626927.1:3758918-3758931-3759280-3759293	0	0	NA	0	0	NA
CR626927.1:3760949-3760960-3761475-3761486	0	0	NA	0	0	NA
CR626927.1:376451-376464-377043-377056	0	0	NA	0	0	NA
CR626927.1:3773579-3773597-3773648-3773666	0	0	NA	0	0	NA
CR626927.1:3776398-3776411-3776890-3776903	0	0	NA	0	0	NA
CR626927.1:3782277-3782288-3782358-3782369	0	0	NA	0	0	NA
CR626927.1:3784042-3784055-3784391-3784404	0	0	NA	0	0	NA
CR626927.1:3784681-3784704-3784763-3784786	0	0	NA	0	0	NA
CR626927.1:3790066-3790086-3790345-3790365	0	0	NA	0	0	NA
CR626927.1:3791546-3791559-3791747-3791760	0	0	NA	0	0	NA
CR626927.1:3793930-3793942-3794550-3794562	0	0	NA	0	0	NA
CR626927.1:3798793-3798811-3798854-3798872	0	0	NA	0	0	NA
CR626927.1:3801370-3801390-3801848-3801868	0	0	NA	0	0	NA
CR626927.1:3805439-3805450-3805750-3805761	0	0	NA	0	0	NA
CR626927.1:3805961-3805974-3806535-3806548	0	0	NA	0	0	NA
CR626927.1:3815799-3815811-3815987-3815999	0	0	NA	0	0	NA
CR626927.1:3819581-3819595-3819758-3819772	0	0	NA	0	0	NA
CR626927.1:3821529-3821540-3821871-3821882	0	0	NA	0	0	NA
CR626927.1:38236-38250-38288-38302	0	0	NA	0	0	NA
CR626927.1:3828464-3828478-3828572-3828586	0	0	NA	0	0	NA
CR626927.1:3832595-3832606-3832846-3832857	0	0	NA	0	0	NA
CR626927.1:3834103-3834118-3834152-3834167	0	0	NA	0	0	NA
CR626927.1:3836552-3836565-3836791-3836804	0	0	NA	0	0	NA
CR626927.1:3839226-3839241-3839601-3839616	0	0	NA	0	0	NA
CR626927.1:383997-384008-384414-384425	0	0	NA	0	0	NA
CR626927.1:3840760-3840771-3841184-3841195	0	0	NA	0	0	NA
CR626927.1:3846934-3846947-3847594-3847607	0	0	NA	0	0	NA
CR626927.1:3850030-3850041-3850111-3850122	0	0	NA	0	0	NA
CR626927.1:3850689-3850700-3850825-3850836	0	0	NA	0	0	NA
CR626927.1:3852554-3852565-3852746-3852757	0	0	NA	0	0	NA
CR626927.1:3856283-3856294-3856814-3856825	0	0	NA	0	0	NA
CR626927.1:3857535-3857546-3858243-3858254	0	0	NA	0	0	NA
CR626927.1:3861398-3861411-3861482-3861495	0	0	NA	0	0	NA
CR626927.1:3866244-3866255-3866896-3866907	0	0	NA	0	0	NA
CR626927.1:3867690-3867702-3868368-3868380	0	0	NA	0	0	NA
CR626927.1:386954-386967-387437-387450	0	0	NA	0	0	NA
CR626927.1:3870199-3870210-3870261-3870272	0	0	NA	0	0	NA
CR626927.1:3872623-3872636-3873112-3873125	0	0	NA	0	0	NA
CR626927.1:3873395-3873408-3873754-3873767	0	0	NA	0	0	NA
CR626927.1:3873957-3873968-3874411-3874422	0	0	NA	0	0	NA
CR626927.1:3875086-3875099-3875534-3875547	0	0	NA	0	0	NA
CR626927.1:3876645-3876657-3877051-3877063	0	0	NA	0	0	NA
CR626927.1:3881385-3881398-3882070-3882083	0	0	NA	0	0	NA
CR626927.1:3882438-3882453-3882945-3882960	0	0	NA	0	0	NA
CR626927.1:3883497-3883508-3883936-3883947	0	0	NA	0	0	NA
CR626927.1:3884280-3884293-3884912-3884925	0	0	NA	0	0	NA
CR626927.1:3885898-3885909-3886411-3886422	0	0	NA	0	0	NA
CR626927.1:3886492-3886505-3886788-3886801	0	0	NA	0	0	NA
CR626927.1:3891004-3891015-3891715-3891726	0	0	NA	0	0	NA
CR626927.1:3892330-3892341-3893019-3893030	0	0	NA	0	0	NA
CR626927.1:3893808-3893822-3894264-3894278	0	0	NA	0	0	NA
CR626927.1:3897095-3897108-3897371-3897384	0	0	NA	0	0	NA
CR626927.1:3897539-3897550-3897891-3897902	0	0	NA	0	0	NA
CR626927.1:3902446-3902459-3902567-3902580	0	0	NA	0	0	NA
CR626927.1:3905051-3905066-3905133-3905148	0	0	NA	0	0	NA
CR626927.1:3905493-3905506-3906102-3906115	0	0	NA	0	0	NA
CR626927.1:3908535-3908548-3908645-3908658	0	0	NA	0	0	NA
CR626927.1:3909651-3909665-3909854-3909868	0	0	NA	0	0	NA
CR626927.1:3919367-3919382-3919750-3919765	0	0	NA	0	0	NA
CR626927.1:3922290-3922304-3922825-3922839	0	0	NA	0	0	NA
CR626927.1:3923956-3923969-3924223-3924236	0	0	NA	0	0	NA
CR626927.1:3928571-3928584-3928659-3928672	0	0	NA	0	0	NA
CR626927.1:392870-392883-393353-393366	0	0	NA	0	0	NA
CR626927.1:3929597-3929608-3930080-3930091	0	0	NA	0	0	NA
CR626927.1:3931883-3931894-3932081-3932092	0	0	NA	0	0	NA
CR626927.1:3934375-3934390-3934591-3934606	0	0	NA	0	0	NA
CR626927.1:3941388-3941402-3942104-3942118	0	0	NA	0	0	NA
CR626927.1:3946160-3946175-3946216-3946231	0	0	NA	0	0	NA
CR626927.1:3948196-3948210-3948384-3948398	0	0	NA	0	0	NA
CR626927.1:3949650-3949663-3949998-3950011	0	0	NA	0	0	NA
CR626927.1:3951317-3951328-3951942-3951953	0	0	NA	0	0	NA
CR626927.1:3957230-3957241-3957954-3957965	0	0	NA	0	0	NA
CR626927.1:3959273-3959286-3959950-3959963	0	0	NA	0	0	NA
CR626927.1:3962428-3962439-3963136-3963147	0	0	NA	0	0	NA
CR626927.1:3965399-3965412-3965796-3965809	0	0	NA	0	0	NA
CR626927.1:3969641-3969652-3969757-3969768	0	0	NA	0	0	NA
CR626927.1:3969973-3969984-3970115-3970126	0	0	NA	0	0	NA
CR626927.1:3970508-3970519-3970715-3970726	0	0	NA	0	0	NA
CR626927.1:3973455-3973468-3973718-3973731	0	0	NA	0	0	NA
CR626927.1:3978743-3978754-3979108-3979119	0	0	NA	0	0	NA
CR626927.1:3981141-3981154-3981504-3981517	0	0	NA	0	0	NA
CR626927.1:3983640-3983652-3983996-3984008	0	0	NA	0	0	NA
CR626927.1:398696-398707-398915-398926	0	0	NA	0	0	NA
CR626927.1:3988291-3988310-3988949-3988968	0	0	NA	0	0	NA
CR626927.1:3995351-3995365-3995683-3995697	0	0	NA	0	0	NA
CR626927.1:3997483-3997497-3997733-3997747	0	0	NA	0	0	NA
CR626927.1:3998599-3998611-3999270-3999282	0	0	NA	0	0	NA
CR626927.1:4001905-4001920-4002238-4002253	0	0	NA	0	0	NA
CR626927.1:4004449-4004462-4004804-4004817	0	0	NA	0	0	NA
CR626927.1:4011375-4011390-4011421-4011436	0	0	NA	0	0	NA
CR626927.1:401578-401591-402045-402058	0	0	NA	0	0	NA
CR626927.1:4020429-4020443-4021003-4021017	0	0	NA	0	0	NA
CR626927.1:4024171-4024182-4024507-4024518	0	0	NA	0	0	NA
CR626927.1:4027332-4027347-4027732-4027747	0	0	NA	0	0	NA
CR626927.1:4034049-4034061-4034291-4034303	0	0	NA	0	0	NA
CR626927.1:4034440-4034451-4034962-4034973	0	0	NA	0	0	NA
CR626927.1:4036347-4036361-4036392-4036406	0	0	NA	0	0	NA
CR626927.1:4036824-4036839-4036979-4036994	0	0	NA	0	0	NA
CR626927.1:4039607-4039618-4039692-4039703	0	0	NA	0	0	NA
CR626927.1:4039910-4039924-4039957-4039971	0	0	NA	0	0	NA
CR626927.1:4041458-4041472-4041868-4041882	0	0	NA	0	0	NA
CR626927.1:4043152-4043165-4043300-4043313	0	0	NA	0	0	NA
CR626927.1:4046362-4046373-4046835-4046846	0	0	NA	0	0	NA
CR626927.1:4048611-4048624-4048916-4048929	0	0	NA	0	0	NA
CR626927.1:4054009-4054024-4054597-4054612	0	0	NA	0	0	NA
CR626927.1:4055579-4055590-4056007-4056018	0	0	NA	0	0	NA
CR626927.1:4057199-4057210-4057431-4057442	0	0	NA	0	0	NA
CR626927.1:4059825-4059836-4060316-4060327	0	0	NA	0	0	NA
CR626927.1:4065648-4065668-4065710-4065730	0	0	NA	0	0	NA
CR626927.1:4076034-4076045-4076613-4076624	0	0	NA	0	0	NA
CR626927.1:4076731-4076742-4077149-4077160	0	0	NA	0	0	NA
CR626927.1:4077435-4077449-4078103-4078117	0	0	NA	0	0	NA
CR626927.1:4082942-4082957-4083608-4083623	0	0	NA	0	0	NA
CR626927.1:4085026-4085039-4085645-4085658	0	0	NA	0	0	NA
CR626927.1:4087153-4087166-4087877-4087890	0	0	NA	0	0	NA
CR626927.1:4088598-4088609-4088901-4088912	0	0	NA	0	0	NA
CR626927.1:4093739-4093752-4094127-4094140	0	0	NA	0	0	NA
CR626927.1:4095789-4095800-4096377-4096388	0	0	NA	0	0	NA
CR626927.1:4103296-4103309-4103870-4103883	0	0	NA	0	0	NA
CR626927.1:4107163-4107176-4107560-4107573	0	0	NA	0	0	NA
CR626927.1:4108660-4108679-4108725-4108744	0	0	NA	0	0	NA
CR626927.1:4109211-4109228-4109738-4109755	0	0	NA	0	0	NA
CR626927.1:41109-41122-41595-41608	0	0	NA	0	0	NA
CR626927.1:4112621-4112632-4113208-4113219	0	0	NA	0	0	NA
CR626927.1:4113421-4113441-4113480-4113500	0	0	NA	0	0	NA
CR626927.1:4120173-4120184-4120543-4120554	0	0	NA	0	0	NA
CR626927.1:4124245-4124258-4124906-4124919	0	0	NA	0	0	NA
CR626927.1:412569-412582-412870-412883	0	0	NA	0	0	NA
CR626927.1:4126108-4126119-4126505-4126516	0	0	NA	0	0	NA
CR626927.1:4128082-4128093-4128755-4128766	0	0	NA	0	0	NA
CR626927.1:4129918-4129931-4130220-4130233	0	0	NA	0	0	NA
CR626927.1:4132645-4132672-4132712-4132739	0	0	NA	0	0	NA
CR626927.1:4133044-4133057-4133385-4133398	0	0	NA	0	0	NA
CR626927.1:4139140-4139154-4139331-4139345	0	0	NA	0	0	NA
CR626927.1:4141739-4141770-4141804-4141835	0	0	NA	0	0	NA
CR626927.1:4152049-4152060-4152184-4152195	0	0	NA	0	0	NA
CR626927.1:4152394-4152412-4152511-4152529	0	0	NA	0	0	NA
CR626927.1:4154668-4154681-4155130-4155143	0	0	NA	0	0	NA
CR626927.1:4156490-4156503-4156829-4156842	0	0	NA	0	0	NA
CR626927.1:4160717-4160729-4160971-4160983	0	0	NA	0	0	NA
CR626927.1:4167906-4167920-4168473-4168487	0	0	NA	0	0	NA
CR626927.1:4168657-4168671-4168711-4168725	0	0	NA	0	0	NA
CR626927.1:4170286-4170299-4170502-4170515	0	0	NA	0	0	NA
CR626927.1:4176744-4176756-4177477-4177489	0	0	NA	0	0	NA
CR626927.1:4178753-4178766-4179231-4179244	0	0	NA	0	0	NA
CR626927.1:4180677-4180688-4181184-4181195	0	0	NA	0	0	NA
CR626927.1:4181267-4181280-4181588-4181601	0	0	NA	0	0	NA
CR626927.1:418164-418176-418255-418267	0	0	NA	0	0	NA
CR626927.1:4183828-4183839-4184118-4184129	0	0	NA	0	0	NA
CR626927.1:418390-418405-418557-418572	0	0	NA	0	0	NA
CR626927.1:4186706-4186719-4186985-4186998	0	0	NA	0	0	NA
CR626927.1:4189064-4189075-4189281-4189292	0	0	NA	0	0	NA
CR626927.1:4190675-4190688-4190857-4190870	0	0	NA	0	0	NA
CR626927.1:4191241-4191254-4191784-4191797	0	0	NA	0	0	NA
CR626927.1:4192149-4192160-4192280-4192291	0	0	NA	0	0	NA
CR626927.1:4199354-4199368-4199650-4199664	0	0	NA	0	0	NA
CR626927.1:4199774-4199787-4199912-4199925	0	0	NA	0	0	NA
CR626927.1:420626-420639-420955-420968	0	0	NA	0	0	NA
CR626927.1:4206953-4206966-4207162-4207175	0	0	NA	0	0	NA
CR626927.1:4209996-4210008-4210265-4210277	0	0	NA	0	0	NA
CR626927.1:4212558-4212578-4212632-4212652	0	0	NA	0	0	NA
CR626927.1:4212826-4212839-4212927-4212940	0	0	NA	0	0	NA
CR626927.1:421363-421378-421850-421865	0	0	NA	0	0	NA
CR626927.1:4213788-4213799-4214206-4214217	0	0	NA	0	0	NA
CR626927.1:4217136-4217149-4217805-4217818	0	0	NA	0	0	NA
CR626927.1:4218299-4218315-4218685-4218701	0	0	NA	0	0	NA
CR626927.1:42292-42304-42542-42554	0	0	NA	0	0	NA
CR626927.1:4235627-4235640-4235863-4235876	0	0	NA	0	0	NA
CR626927.1:4239585-4239598-4240156-4240169	0	0	NA	0	0	NA
CR626927.1:4244534-4244545-4244977-4244988	0	0	NA	0	0	NA
CR626927.1:4245193-4245207-4245330-4245344	0	0	NA	0	0	NA
CR626927.1:4247286-4247300-4247989-4248003	0	0	NA	0	0	NA
CR626927.1:4252344-4252364-4252405-4252425	0	0	NA	0	0	NA
CR626927.1:4252569-4252582-4253057-4253070	0	0	NA	0	0	NA
CR626927.1:4256812-4256823-4257516-4257527	0	0	NA	0	0	NA
CR626927.1:4258390-4258403-4258766-4258779	0	0	NA	0	0	NA
CR626927.1:4264557-4264572-4264639-4264654	0	0	NA	0	0	NA
CR626927.1:4264914-4264929-4265027-4265042	0	0	NA	0	0	NA
CR626927.1:4267701-4267714-4268146-4268159	0	0	NA	0	0	NA
CR626927.1:426859-426870-427333-427344	0	0	NA	0	0	NA
CR626927.1:4269579-4269593-4270021-4270035	0	0	NA	0	0	NA
CR626927.1:4271807-4271820-4272261-4272274	0	0	NA	0	0	NA
CR626927.1:4272210-4272222-4272463-4272475	0	0	NA	0	0	NA
CR626927.1:427357-427368-427663-427674	0	0	NA	0	0	NA
CR626927.1:4275313-4275326-4275548-4275561	0	0	NA	0	0	NA
CR626927.1:4285502-4285513-4285611-4285622	0	0	NA	0	0	NA
CR626927.1:4286734-4286749-4287071-4287086	0	0	NA	0	0	NA
CR626927.1:4287326-4287339-4287873-4287886	0	0	NA	0	0	NA
CR626927.1:4288142-4288155-4288511-4288524	0	0	NA	0	0	NA
CR626927.1:4290581-4290593-4291309-4291321	0	0	NA	0	0	NA
CR626927.1:4293038-4293049-4293408-4293419	0	0	NA	0	0	NA
CR626927.1:4295511-4295525-4295633-4295647	0	0	NA	0	0	NA
CR626927.1:4297384-4297397-4297463-4297476	0	0	NA	0	0	NA
CR626927.1:4298127-4298140-4298664-4298677	0	0	NA	0	0	NA
CR626927.1:4299291-4299302-4299776-4299787	0	0	NA	0	0	NA
CR626927.1:430630-430643-431251-431264	0	0	NA	0	0	NA
CR626927.1:4309233-4309246-4309757-4309770	0	0	NA	0	0	NA
CR626927.1:4310179-4310192-4310707-4310720	0	0	NA	0	0	NA
CR626927.1:4312099-4312113-4312150-4312164	0	0	NA	0	0	NA
CR626927.1:4314059-4314070-4314365-4314376	0	0	NA	0	0	NA
CR626927.1:4317629-4317643-4318145-4318159	0	0	NA	0	0	NA
CR626927.1:4318595-4318606-4318893-4318904	0	0	NA	0	0	NA
CR626927.1:4320974-4320986-4321412-4321424	0	0	NA	0	0	NA
CR626927.1:4326557-4326570-4327004-4327017	0	0	NA	0	0	NA
CR626927.1:433009-433021-433396-433408	0	0	NA	0	0	NA
CR626927.1:4331794-4331807-4332022-4332035	0	0	NA	0	0	NA
CR626927.1:4335401-4335412-4336137-4336148	0	0	NA	0	0	NA
CR626927.1:4337713-4337726-4338236-4338249	0	0	NA	0	0	NA
CR626927.1:433812-433823-433958-433969	0	0	NA	0	0	NA
CR626927.1:4343502-4343513-4343836-4343847	0	0	NA	0	0	NA
CR626927.1:4344174-4344185-4344716-4344727	0	0	NA	0	0	NA
CR626927.1:4348005-4348018-4348421-4348434	0	0	NA	0	0	NA
CR626927.1:4348920-4348934-4349108-4349122	0	0	NA	0	0	NA
CR626927.1:4349131-4349144-4349355-4349368	0	0	NA	0	0	NA
CR626927.1:4351555-4351568-4352287-4352300	0	0	NA	0	0	NA
CR626927.1:435405-435416-435881-435892	0	0	NA	0	0	NA
CR626927.1:4360967-4360980-4361129-4361142	0	0	NA	0	0	NA
CR626927.1:4361353-4361375-4361564-4361586	0	0	NA	0	0	NA
CR626927.1:4364133-4364146-4364648-4364661	0	0	NA	0	0	NA
CR626927.1:436848-436861-437063-437076	0	0	NA	0	0	NA
CR626927.1:4371481-4371495-4372150-4372164	0	0	NA	0	0	NA
CR626927.1:4372600-4372613-4373244-4373257	0	0	NA	0	0	NA
CR626927.1:4384572-4384583-4384800-4384811	0	0	NA	0	0	NA
CR626927.1:4388657-4388676-4389361-4389380	0	0	NA	0	0	NA
CR626927.1:4393497-4393511-4393612-4393626	0	0	NA	0	0	NA
CR626927.1:4397912-4397924-4398447-4398459	0	0	NA	0	0	NA
CR626927.1:4399527-4399538-4399908-4399919	0	0	NA	0	0	NA
CR626927.1:4404446-4404460-4404865-4404879	0	0	NA	0	0	NA
CR626927.1:4411750-4411761-4411942-4411953	0	0	NA	0	0	NA
CR626927.1:4415479-4415490-4416010-4416021	0	0	NA	0	0	NA
CR626927.1:4416467-4416481-4416629-4416643	0	0	NA	0	0	NA
CR626927.1:4417658-4417669-4417872-4417883	0	0	NA	0	0	NA
CR626927.1:4422274-4422288-4422956-4422970	0	0	NA	0	0	NA
CR626927.1:4426752-4426763-4426804-4426815	0	0	NA	0	0	NA
CR626927.1:4428743-4428758-4429451-4429466	0	0	NA	0	0	NA
CR626927.1:4431016-4431027-4431704-4431715	0	0	NA	0	0	NA
CR626927.1:4436755-4436768-4436805-4436818	0	0	NA	0	0	NA
CR626927.1:4444748-4444760-4444934-4444946	0	0	NA	0	0	NA
CR626927.1:4447767-4447780-4448482-4448495	0	0	NA	0	0	NA
CR626927.1:4453767-4453778-4454165-4454176	0	0	NA	0	0	NA
CR626927.1:4461119-4461132-4461183-4461196	0	0	NA	0	0	NA
CR626927.1:4461653-4461666-4462199-4462212	0	0	NA	0	0	NA
CR626927.1:4462684-4462696-4463385-4463397	0	0	NA	0	0	NA
CR626927.1:4464092-4464103-4464821-4464832	0	0	NA	0	0	NA
CR626927.1:4467017-4467036-4467070-4467089	0	0	NA	0	0	NA
CR626927.1:446808-446820-447413-447425	0	0	NA	0	0	NA
CR626927.1:4471500-4471513-4471957-4471970	0	0	NA	0	0	NA
CR626927.1:4476596-4476607-4476707-4476718	0	0	NA	0	0	NA
CR626927.1:4479364-4479377-4479556-4479569	0	0	NA	0	0	NA
CR626927.1:4480586-4480600-4480770-4480784	0	0	NA	0	0	NA
CR626927.1:4482237-4482252-4482581-4482596	0	0	NA	0	0	NA
CR626927.1:4482977-4482990-4483201-4483214	0	0	NA	0	0	NA
CR626927.1:4486370-4486385-4486455-4486470	0	0	NA	0	0	NA
CR626927.1:449092-449105-449357-449370	0	0	NA	0	0	NA
CR626927.1:4491872-4491884-4492495-4492507	0	0	NA	0	0	NA
CR626927.1:4492870-4492893-4493141-4493164	0	0	NA	0	0	NA
CR626927.1:4495141-4495155-4495432-4495446	0	0	NA	0	0	NA
CR626927.1:4502599-4502612-4503108-4503121	0	0	NA	0	0	NA
CR626927.1:4503455-4503469-4503877-4503891	0	0	NA	0	0	NA
CR626927.1:4504020-4504033-4504710-4504723	0	0	NA	0	0	NA
CR626927.1:4505146-4505158-4505357-4505369	0	0	NA	0	0	NA
CR626927.1:4507930-4507943-4508539-4508552	0	0	NA	0	0	NA
CR626927.1:4508843-4508856-4509241-4509254	0	0	NA	0	0	NA
CR626927.1:451021-451032-451734-451745	0	0	NA	0	0	NA
CR626927.1:4512936-4512949-4513101-4513114	0	0	NA	0	0	NA
CR626927.1:4513999-4514012-4514481-4514494	0	0	NA	0	0	NA
CR626927.1:4514631-4514645-4514718-4514732	0	0	NA	0	0	NA
CR626927.1:4517632-4517646-4517968-4517982	0	0	NA	0	0	NA
CR626927.1:4521518-4521529-4521932-4521943	0	0	NA	0	0	NA
CR626927.1:4522446-4522458-4522643-4522655	0	0	NA	0	0	NA
CR626927.1:4523294-4523305-4523349-4523360	0	0	NA	0	0	NA
CR626927.1:4524111-4524122-4524412-4524423	0	0	NA	0	0	NA
CR626927.1:4527050-4527064-4527275-4527289	0	0	NA	0	0	NA
CR626927.1:4530181-4530192-4530223-4530234	0	0	NA	0	0	NA
CR626927.1:4535037-4535050-4535247-4535260	0	0	NA	0	0	NA
CR626927.1:4535304-4535318-4535393-4535407	0	0	NA	0	0	NA
CR626927.1:4536332-4536347-4536447-4536462	0	0	NA	0	0	NA
CR626927.1:4538534-4538545-4539248-4539259	0	0	NA	0	0	NA
CR626927.1:4540315-4540328-4540514-4540527	0	0	NA	0	0	NA
CR626927.1:4542110-4542122-4542634-4542646	0	0	NA	0	0	NA
CR626927.1:4543303-4543314-4543857-4543868	0	0	NA	0	0	NA
CR626927.1:4546856-4546869-4547231-4547244	0	0	NA	0	0	NA
CR626927.1:4547328-4547339-4547471-4547482	0	0	NA	0	0	NA
CR626927.1:4548116-4548129-4548312-4548325	0	0	NA	0	0	NA
CR626927.1:4548887-4548900-4549616-4549629	0	0	NA	0	0	NA
CR626927.1:4551529-4551542-4551859-4551872	0	0	NA	0	0	NA
CR626927.1:4553737-4553750-4554053-4554066	0	0	NA	0	0	NA
CR626927.1:4555267-4555286-4555580-4555599	0	0	NA	0	0	NA
CR626927.1:4557644-4557657-4558148-4558161	0	0	NA	0	0	NA
CR626927.1:4561022-4561045-4561125-4561148	0	0	NA	0	0	NA
CR626927.1:4561323-4561334-4561500-4561511	0	0	NA	0	0	NA
CR626927.1:4561931-4561944-4562532-4562545	0	0	NA	0	0	NA
CR626927.1:4566278-4566289-4566355-4566366	0	0	NA	0	0	NA
CR626927.1:4567401-4567413-4567613-4567625	0	0	NA	0	0	NA
CR626927.1:4570140-4570151-4570230-4570241	0	0	NA	0	0	NA
CR626927.1:4574565-4574576-4575206-4575217	0	0	NA	0	0	NA
CR626927.1:4583855-4583866-4584206-4584217	0	0	NA	0	0	NA
CR626927.1:4596175-4596188-4596355-4596368	0	0	NA	0	0	NA
CR626927.1:45965-45976-46655-46666	0	0	NA	0	0	NA
CR626927.1:4598226-4598237-4598418-4598429	0	0	NA	0	0	NA
CR626927.1:4601955-4601966-4602486-4602497	0	0	NA	0	0	NA
CR626927.1:4605174-4605188-4605750-4605764	0	0	NA	0	0	NA
CR626927.1:460873-460886-461009-461022	0	0	NA	0	0	NA
CR626927.1:4610768-4610779-4611220-4611231	0	0	NA	0	0	NA
CR626927.1:4617126-4617139-4617782-4617795	0	0	NA	0	0	NA
CR626927.1:4618447-4618460-4618492-4618505	0	0	NA	0	0	NA
CR626927.1:4623915-4623926-4624518-4624529	0	0	NA	0	0	NA
CR626927.1:4625182-4625193-4625382-4625393	0	0	NA	0	0	NA
CR626927.1:4628013-4628025-4628518-4628530	0	0	NA	0	0	NA
CR626927.1:4633324-4633337-4633712-4633725	0	0	NA	0	0	NA
CR626927.1:463383-463396-463466-463479	0	0	NA	0	0	NA
CR626927.1:4635357-4635368-4635878-4635889	0	0	NA	0	0	NA
CR626927.1:4637986-4637999-4638131-4638144	0	0	NA	0	0	NA
CR626927.1:4642927-4642939-4643186-4643198	0	0	NA	0	0	NA
CR626927.1:4643731-4643744-4643953-4643966	0	0	NA	0	0	NA
CR626927.1:4649026-4649037-4649278-4649289	0	0	NA	0	0	NA
CR626927.1:4649934-4649945-4650557-4650568	0	0	NA	0	0	NA
CR626927.1:4652544-4652556-4652792-4652804	0	0	NA	0	0	NA
CR626927.1:4653928-4653942-4654525-4654539	0	0	NA	0	0	NA
CR626927.1:4656151-4656162-4656343-4656354	0	0	NA	0	0	NA
CR626927.1:4659886-4659897-4660416-4660427	0	0	NA	0	0	NA
CR626927.1:4662661-4662674-4663268-4663281	0	0	NA	0	0	NA
CR626927.1:4667369-4667382-4668025-4668038	0	0	NA	0	0	NA
CR626927.1:4671001-4671014-4671551-4671564	0	0	NA	0	0	NA
CR626927.1:4675405-4675418-4675466-4675479	0	0	NA	0	0	NA
CR626927.1:4681719-4681734-4682440-4682455	0	0	NA	0	0	NA
CR626927.1:4682503-4682517-4683142-4683156	0	0	NA	0	0	NA
CR626927.1:4685731-4685744-4686084-4686097	0	0	NA	0	0	NA
CR626927.1:4686159-4686172-4686480-4686493	0	0	NA	0	0	NA
CR626927.1:4687111-4687122-4687171-4687182	0	0	NA	0	0	NA
CR626927.1:4688838-4688851-4689026-4689039	0	0	NA	0	0	NA
CR626927.1:4692650-4692663-4693246-4693259	0	0	NA	0	0	NA
CR626927.1:4694576-4694589-4694693-4694706	0	0	NA	0	0	NA
CR626927.1:4696039-4696052-4696169-4696182	0	0	NA	0	0	NA
CR626927.1:4700310-4700323-4701025-4701038	0	0	NA	0	0	NA
CR626927.1:4707488-4707499-4707915-4707926	0	0	NA	0	0	NA
CR626927.1:471233-471248-471825-471840	0	0	NA	0	0	NA
CR626927.1:4718432-4718447-4718499-4718514	0	0	NA	0	0	NA
CR626927.1:4721-4734-5026-5039	0	0	NA	0	0	NA
CR626927.1:4721630-4721644-4721680-4721694	0	0	NA	0	0	NA
CR626927.1:4721923-4721934-4722083-4722094	0	0	NA	0	0	NA
CR626927.1:4722279-4722293-4722386-4722400	0	0	NA	0	0	NA
CR626927.1:4722555-4722568-4723242-4723255	0	0	NA	0	0	NA
CR626927.1:4727957-4727970-4728604-4728617	0	0	NA	0	0	NA
CR626927.1:4731292-4731307-4731419-4731434	0	0	NA	0	0	NA
CR626927.1:4731889-4731902-4731946-4731959	0	0	NA	0	0	NA
CR626927.1:4732732-4732743-4732995-4733006	0	0	NA	0	0	NA
CR626927.1:4735043-4735056-4735165-4735178	0	0	NA	0	0	NA
CR626927.1:4739730-4739743-4740358-4740371	0	0	NA	0	0	NA
CR626927.1:4742195-4742206-4742502-4742513	0	0	NA	0	0	NA
CR626927.1:4742535-4742548-4742736-4742749	0	0	NA	0	0	NA
CR626927.1:4743874-4743887-4744250-4744263	0	0	NA	0	0	NA
CR626927.1:4744510-4744521-4745084-4745095	0	0	NA	0	0	NA
CR626927.1:4747609-4747620-4748120-4748131	0	0	NA	0	0	NA
CR626927.1:4751606-4751619-4752106-4752119	0	0	NA	0	0	NA
CR626927.1:4753593-4753606-4754285-4754298	0	0	NA	0	0	NA
CR626927.1:4754773-4754790-4754831-4754848	0	0	NA	0	0	NA
CR626927.1:4756833-4756846-4757356-4757369	0	0	NA	0	0	NA
CR626927.1:475744-475757-476474-476487	0	0	NA	0	0	NA
CR626927.1:4761114-4761128-4761312-4761326	0	0	NA	0	0	NA
CR626927.1:4765308-4765321-4765578-4765591	0	0	NA	0	0	NA
CR626927.1:4772958-4772971-4773213-4773226	0	0	NA	0	0	NA
CR626927.1:4776445-4776458-4776999-4777012	0	0	NA	0	0	NA
CR626927.1:4780791-4780804-4781044-4781057	0	0	NA	0	0	NA
CR626927.1:4782802-4782815-4783368-4783381	0	0	NA	0	0	NA
CR626927.1:4788268-4788281-4788386-4788399	0	0	NA	0	0	NA
CR626927.1:4789683-4789697-4790002-4790016	0	0	NA	0	0	NA
CR626927.1:4792330-4792342-4792450-4792462	0	0	NA	0	0	NA
CR626927.1:4792910-4792923-4793174-4793187	0	0	NA	0	0	NA
CR626927.1:4798160-4798172-4798697-4798709	0	0	NA	0	0	NA
CR626927.1:4799339-4799352-4799669-4799682	0	0	NA	0	0	NA
CR626927.1:4800965-4800980-4801123-4801138	0	0	NA	0	0	NA
CR626927.1:4811031-4811049-4811336-4811354	0	0	NA	0	0	NA
CR626927.1:4815469-4815492-4815950-4815973	0	0	NA	0	0	NA
CR626927.1:4816789-4816800-4817124-4817135	0	0	NA	0	0	NA
CR626927.1:4818239-4818251-4818495-4818507	0	0	NA	0	0	NA
CR626927.1:4819335-4819348-4819821-4819834	0	0	NA	0	0	NA
CR626927.1:4824555-4824566-4824648-4824659	0	0	NA	0	0	NA
CR626927.1:4825141-4825154-4825741-4825754	0	0	NA	0	0	NA
CR626927.1:483074-483087-483576-483589	0	0	NA	0	0	NA
CR626927.1:4831429-4831442-4832043-4832056	0	0	NA	0	0	NA
CR626927.1:4832990-4833001-4833662-4833673	0	0	NA	0	0	NA
CR626927.1:4834754-4834766-4835374-4835386	0	0	NA	0	0	NA
CR626927.1:4835806-4835818-4836336-4836348	0	0	NA	0	0	NA
CR626927.1:4837320-4837333-4837766-4837779	0	0	NA	0	0	NA
CR626927.1:4846548-4846563-4847104-4847119	0	0	NA	0	0	NA
CR626927.1:4847428-4847441-4847948-4847961	0	0	NA	0	0	NA
CR626927.1:48508-48523-48588-48603	0	0	NA	0	0	NA
CR626927.1:4854695-4854709-4854819-4854833	0	0	NA	0	0	NA
CR626927.1:4856103-4856116-4856760-4856773	0	0	NA	0	0	NA
CR626927.1:4857719-4857732-4857969-4857982	0	0	NA	0	0	NA
CR626927.1:4866093-4866114-4866233-4866254	0	0	NA	0	0	NA
CR626927.1:4868435-4868454-4868577-4868596	0	0	NA	0	0	NA
CR626927.1:4871243-4871255-4871632-4871644	0	0	NA	0	0	NA
CR626927.1:4875374-4875387-4875672-4875685	0	0	NA	0	0	NA
CR626927.1:4878201-4878214-4878277-4878290	0	0	NA	0	0	NA
CR626927.1:4885567-4885580-4885638-4885651	0	0	NA	0	0	NA
CR626927.1:4887153-4887171-4887777-4887795	0	0	NA	0	0	NA
CR626927.1:4893783-4893798-4894454-4894469	0	0	NA	0	0	NA
CR626927.1:4895244-4895257-4895691-4895704	0	0	NA	0	0	NA
CR626927.1:4898009-4898020-4898282-4898293	0	0	NA	0	0	NA
CR626927.1:4901291-4901303-4901542-4901554	0	0	NA	0	0	NA
CR626927.1:4901610-4901621-4901860-4901871	0	0	NA	0	0	NA
CR626927.1:4902996-4903021-4903065-4903090	0	0	NA	0	0	NA
CR626927.1:4907703-4907716-4907889-4907902	0	0	NA	0	0	NA
CR626927.1:4911285-4911314-4911347-4911376	0	0	NA	0	0	NA
CR626927.1:4912435-4912448-4912631-4912644	0	0	NA	0	0	NA
CR626927.1:4913131-4913142-4913667-4913678	0	0	NA	0	0	NA
CR626927.1:4917821-4917835-4917881-4917895	0	0	NA	0	0	NA
CR626927.1:4920540-4920553-4920603-4920616	0	0	NA	0	0	NA
CR626927.1:4921642-4921655-4922246-4922259	0	0	NA	0	0	NA
CR626927.1:4928976-4928988-4929060-4929072	0	0	NA	0	0	NA
CR626927.1:4932925-4932938-4932994-4933007	0	0	NA	0	0	NA
CR626927.1:4933820-4933832-4934497-4934509	0	0	NA	0	0	NA
CR626927.1:4940001-4940012-4940564-4940575	0	0	NA	0	0	NA
CR626927.1:4944174-4944188-4944881-4944895	0	0	NA	0	0	NA
CR626927.1:494620-494637-494692-494709	0	0	NA	0	0	NA
CR626927.1:4949871-4949884-4950337-4950350	0	0	NA	0	0	NA
CR626927.1:4952293-4952306-4952590-4952603	0	0	NA	0	0	NA
CR626927.1:4953826-4953839-4954560-4954573	0	0	NA	0	0	NA
CR626927.1:495403-495414-496119-496130	0	0	NA	0	0	NA
CR626927.1:4958435-4958446-4958975-4958986	0	0	NA	0	0	NA
CR626927.1:4964570-4964584-4964989-4965003	0	0	NA	0	0	NA
CR626927.1:4967287-4967298-4967873-4967884	0	0	NA	0	0	NA
CR626927.1:496884-496898-497015-497029	0	0	NA	0	0	NA
CR626927.1:4970835-4970848-4971308-4971321	0	0	NA	0	0	NA
CR626927.1:4972899-4972914-4973510-4973525	0	0	NA	0	0	NA
CR626927.1:4974350-4974365-4974977-4974992	0	0	NA	0	0	NA
CR626927.1:4976302-4976315-4976433-4976446	0	0	NA	0	0	NA
CR626927.1:4976860-4976873-4977000-4977013	0	0	NA	0	0	NA
CR626927.1:4979250-4979263-4979464-4979477	0	0	NA	0	0	NA
CR626927.1:4983591-4983604-4984218-4984231	0	0	NA	0	0	NA
CR626927.1:4984824-4984843-4984915-4984934	0	0	NA	0	0	NA
CR626927.1:4987435-4987455-4987487-4987507	0	0	NA	0	0	NA
CR626927.1:4989451-4989462-4989688-4989699	0	0	NA	0	0	NA
CR626927.1:4997931-4997944-4998498-4998511	0	0	NA	0	0	NA
CR626927.1:4999679-4999692-4999834-4999847	0	0	NA	0	0	NA
CR626927.1:5000055-5000066-5000491-5000502	0	0	NA	0	0	NA
CR626927.1:5002202-5002213-5002281-5002292	0	0	NA	0	0	NA
CR626927.1:5003768-5003781-5003888-5003901	0	0	NA	0	0	NA
CR626927.1:5017789-5017802-5018493-5018506	0	0	NA	0	0	NA
CR626927.1:5019931-5019942-5020120-5020131	0	0	NA	0	0	NA
CR626927.1:5020233-5020244-5020312-5020323	0	0	NA	0	0	NA
CR626927.1:5023724-5023743-5024128-5024147	0	0	NA	0	0	NA
CR626927.1:5025132-5025143-5025634-5025645	0	0	NA	0	0	NA
CR626927.1:5025764-5025776-5026408-5026420	0	0	NA	0	0	NA
CR626927.1:5030097-5030112-5030516-5030531	0	0	NA	0	0	NA
CR626927.1:5031245-5031261-5031448-5031464	0	0	NA	0	0	NA
CR626927.1:5032428-5032439-5032544-5032555	0	0	NA	0	0	NA
CR626927.1:5038220-5038233-5038424-5038437	0	0	NA	0	0	NA
CR626927.1:504242-504255-504687-504700	0	0	NA	0	0	NA
CR626927.1:5046155-5046171-5046597-5046613	0	0	NA	0	0	NA
CR626927.1:5049518-5049529-5049848-5049859	0	0	NA	0	0	NA
CR626927.1:5049919-5049932-5050327-5050340	0	0	NA	0	0	NA
CR626927.1:505431-505444-505693-505706	0	0	NA	0	0	NA
CR626927.1:5056328-5056339-5056887-5056898	0	0	NA	0	0	NA
CR626927.1:5060236-5060255-5060333-5060352	0	0	NA	0	0	NA
CR626927.1:5061272-5061285-5061692-5061705	0	0	NA	0	0	NA
CR626927.1:5062887-5062914-5062953-5062980	0	0	NA	0	0	NA
CR626927.1:5063476-5063490-5063540-5063554	0	0	NA	0	0	NA
CR626927.1:5064977-5064988-5065153-5065164	0	0	NA	0	0	NA
CR626927.1:5065356-5065386-5065422-5065452	0	0	NA	0	0	NA
CR626927.1:5067183-5067198-5067485-5067500	0	0	NA	0	0	NA
CR626927.1:5075790-5075803-5075853-5075866	0	0	NA	0	0	NA
CR626927.1:5077016-5077027-5077186-5077197	0	0	NA	0	0	NA
CR626927.1:5078061-5078072-5078116-5078127	0	0	NA	0	0	NA
CR626927.1:5079836-5079849-5080256-5080269	0	0	NA	0	0	NA
CR626927.1:508062-508075-508544-508557	0	0	NA	0	0	NA
CR626927.1:5081092-5081105-5081375-5081388	0	0	NA	0	0	NA
CR626927.1:5084815-5084826-5084919-5084930	0	0	NA	0	0	NA
CR626927.1:5086451-5086463-5086756-5086768	0	0	NA	0	0	NA
CR626927.1:5087801-5087812-5088056-5088067	0	0	NA	0	0	NA
CR626927.1:5090569-5090582-5091184-5091197	0	0	NA	0	0	NA
CR626927.1:5097373-5097388-5097533-5097548	0	0	NA	0	0	NA
CR626927.1:5097960-5097981-5098448-5098469	0	0	NA	0	0	NA
CR626927.1:5099144-5099155-5099347-5099358	0	0	NA	0	0	NA
CR626927.1:5100622-5100635-5100798-5100811	0	0	NA	0	0	NA
CR626927.1:5102333-5102346-5103032-5103045	0	0	NA	0	0	NA
CR626927.1:510338-510351-510640-510653	0	0	NA	0	0	NA
CR626927.1:5105616-5105629-5106182-5106195	0	0	NA	0	0	NA
CR626927.1:5107194-5107208-5107409-5107423	0	0	NA	0	0	NA
CR626927.1:510917-510931-511288-511302	0	0	NA	0	0	NA
CR626927.1:5110546-5110557-5110691-5110702	0	0	NA	0	0	NA
CR626927.1:5111292-5111304-5111911-5111923	0	0	NA	0	0	NA
CR626927.1:51114-51125-51226-51237	0	0	NA	0	0	NA
CR626927.1:5113009-5113022-5113634-5113647	0	0	NA	0	0	NA
CR626927.1:5115392-5115405-5115530-5115543	0	0	NA	0	0	NA
CR626927.1:5116439-5116452-5116916-5116929	0	0	NA	0	0	NA
CR626927.1:5117981-5117992-5118574-5118585	0	0	NA	0	0	NA
CR626927.1:512149-512162-512582-512595	0	0	NA	0	0	NA
CR626927.1:5124226-5124239-5124531-5124544	0	0	NA	0	0	NA
CR626927.1:5126305-5126316-5126497-5126508	0	0	NA	0	0	NA
CR626927.1:5130034-5130045-5130564-5130575	0	0	NA	0	0	NA
CR626927.1:514741-514754-514984-514997	0	0	NA	0	0	NA
CR626927.1:5151054-5151067-5151409-5151422	0	0	NA	0	0	NA
CR626927.1:5160728-5160741-5161011-5161024	0	0	NA	0	0	NA
CR626927.1:5162565-5162578-5162861-5162874	0	0	NA	0	0	NA
CR626927.1:5171557-5171573-5171655-5171671	0	0	NA	0	0	NA
CR626927.1:5175120-5175131-5175480-5175491	0	0	NA	0	0	NA
CR626927.1:5177309-5177321-5178014-5178026	0	0	NA	0	0	NA
CR626927.1:518988-519001-519424-519437	0	0	NA	0	0	NA
CR626927.1:5191436-5191451-5191498-5191513	0	0	NA	0	0	NA
CR626927.1:5193295-5193309-5193767-5193781	0	0	NA	0	0	NA
CR626927.1:5194920-5194933-5195576-5195589	0	0	NA	0	0	NA
CR626927.1:5195630-5195643-5196104-5196117	0	0	NA	0	0	NA
CR626927.1:5197694-5197707-5197852-5197865	0	0	NA	0	0	NA
CR626927.1:5200669-5200682-5200725-5200738	0	0	NA	0	0	NA
CR626927.1:5204802-5204815-5204975-5204988	0	0	NA	0	0	NA
CR626927.1:521558-521569-521614-521625	0	0	NA	0	0	NA
CR626927.1:522785-522801-523063-523079	0	0	NA	0	0	NA
CR626927.1:524720-524731-525315-525326	0	0	NA	0	0	NA
CR626927.1:526758-526775-526811-526828	0	0	NA	0	0	NA
CR626927.1:527265-527276-527449-527460	0	0	NA	0	0	NA
CR626927.1:530145-530158-530475-530488	0	0	NA	0	0	NA
CR626927.1:53146-53159-53596-53609	0	0	NA	0	0	NA
CR626927.1:533442-533455-533759-533772	0	0	NA	0	0	NA
CR626927.1:537731-537745-538458-538472	0	0	NA	0	0	NA
CR626927.1:541511-541524-541602-541615	0	0	NA	0	0	NA
CR626927.1:542739-542752-543098-543111	0	0	NA	0	0	NA
CR626927.1:546285-546296-546651-546662	0	0	NA	0	0	NA
CR626927.1:547880-547893-548044-548057	0	0	NA	0	0	NA
CR626927.1:551948-551961-552640-552653	0	0	NA	0	0	NA
CR626927.1:559510-559524-560150-560164	0	0	NA	0	0	NA
CR626927.1:566048-566061-566730-566743	0	0	NA	0	0	NA
CR626927.1:567507-567518-567649-567660	0	0	NA	0	0	NA
CR626927.1:574982-575007-575050-575075	0	0	NA	0	0	NA
CR626927.1:577860-577871-578371-578382	0	0	NA	0	0	NA
CR626927.1:581253-581266-581297-581310	0	0	NA	0	0	NA
CR626927.1:584935-584948-585017-585030	0	0	NA	0	0	NA
CR626927.1:596733-596746-597279-597292	0	0	NA	0	0	NA
CR626927.1:597378-597392-597750-597764	0	0	NA	0	0	NA
CR626927.1:601805-601819-602274-602288	0	0	NA	0	0	NA
CR626927.1:603195-603212-603514-603531	0	0	NA	0	0	NA
CR626927.1:610300-610311-610576-610587	0	0	NA	0	0	NA
CR626927.1:612165-612178-612818-612831	0	0	NA	0	0	NA
CR626927.1:613322-613338-613398-613414	0	0	NA	0	0	NA
CR626927.1:615417-615431-615689-615703	0	0	NA	0	0	NA
CR626927.1:617081-617092-617260-617271	0	0	NA	0	0	NA
CR626927.1:618074-618085-618708-618719	0	0	NA	0	0	NA
CR626927.1:62128-62139-62455-62466	0	0	NA	0	0	NA
CR626927.1:626-637-736-747	0	0	NA	0	0	NA
CR626927.1:626674-626686-627066-627078	0	0	NA	0	0	NA
CR626927.1:62711-62725-62973-62987	0	0	NA	0	0	NA
CR626927.1:6280-6291-6782-6793	0	0	NA	0	0	NA
CR626927.1:628005-628019-628094-628108	0	0	NA	0	0	NA
CR626927.1:629685-629699-629731-629745	0	0	NA	0	0	NA
CR626927.1:633886-633897-634012-634023	0	0	NA	0	0	NA
CR626927.1:634715-634728-634766-634779	0	0	NA	0	0	NA
CR626927.1:635097-635110-635687-635700	0	0	NA	0	0	NA
CR626927.1:637471-637484-637759-637772	0	0	NA	0	0	NA
CR626927.1:640121-640132-640362-640373	0	0	NA	0	0	NA
CR626927.1:641194-641209-641255-641270	0	0	NA	0	0	NA
CR626927.1:646844-646858-647340-647354	0	0	NA	0	0	NA
CR626927.1:6504-6516-6609-6621	0	0	NA	0	0	NA
CR626927.1:652938-652954-653438-653454	0	0	NA	0	0	NA
CR626927.1:657968-657981-658489-658502	0	0	NA	0	0	NA
CR626927.1:658517-658528-659199-659210	0	0	NA	0	0	NA
CR626927.1:659901-659912-660190-660201	0	0	NA	0	0	NA
CR626927.1:660380-660399-660810-660829	0	0	NA	0	0	NA
CR626927.1:661805-661818-662508-662521	0	0	NA	0	0	NA
CR626927.1:663941-663955-664136-664150	0	0	NA	0	0	NA
CR626927.1:666099-666110-666671-666682	0	0	NA	0	0	NA
CR626927.1:668092-668120-668157-668185	0	0	NA	0	0	NA
CR626927.1:670473-670484-671044-671055	0	0	NA	0	0	NA
CR626927.1:676491-676504-676782-676795	0	0	NA	0	0	NA
CR626927.1:679814-679828-680337-680351	0	0	NA	0	0	NA
CR626927.1:683299-683310-683747-683758	0	0	NA	0	0	NA
CR626927.1:686379-686393-686765-686779	0	0	NA	0	0	NA
CR626927.1:689404-689415-689478-689489	0	0	NA	0	0	NA
CR626927.1:693389-693402-693864-693877	0	0	NA	0	0	NA
CR626927.1:696161-696175-696629-696643	0	0	NA	0	0	NA
CR626927.1:700317-700330-700873-700886	0	0	NA	0	0	NA
CR626927.1:70917-70928-71609-71620	0	0	NA	0	0	NA
CR626927.1:709671-709684-710147-710160	0	0	NA	0	0	NA
CR626927.1:714451-714464-714989-715002	0	0	NA	0	0	NA
CR626927.1:716154-716167-716296-716309	0	0	NA	0	0	NA
CR626927.1:721400-721414-721779-721793	0	0	NA	0	0	NA
CR626927.1:724239-724250-724867-724878	0	0	NA	0	0	NA
CR626927.1:732942-732956-733016-733030	0	0	NA	0	0	NA
CR626927.1:73339-73356-73400-73417	0	0	NA	0	0	NA
CR626927.1:736872-736883-736934-736945	0	0	NA	0	0	NA
CR626927.1:737151-737164-737726-737739	0	0	NA	0	0	NA
CR626927.1:737740-737753-737935-737948	0	0	NA	0	0	NA
CR626927.1:738509-738522-738724-738737	0	0	NA	0	0	NA
CR626927.1:738914-738930-738969-738985	0	0	NA	0	0	NA
CR626927.1:739086-739099-739654-739667	0	0	NA	0	0	NA
CR626927.1:739697-739710-740037-740050	0	0	NA	0	0	NA
CR626927.1:741241-741252-741430-741441	0	0	NA	0	0	NA
CR626927.1:741505-741516-742061-742072	0	0	NA	0	0	NA
CR626927.1:742499-742513-742852-742866	0	0	NA	0	0	NA
CR626927.1:745828-745841-746305-746318	0	0	NA	0	0	NA
CR626927.1:746857-746870-747179-747192	0	0	NA	0	0	NA
CR626927.1:747445-747456-747868-747879	0	0	NA	0	0	NA
CR626927.1:750632-750646-751087-751101	0	0	NA	0	0	NA
CR626927.1:754430-754446-754485-754501	0	0	NA	0	0	NA
CR626927.1:755510-755524-755620-755634	0	0	NA	0	0	NA
CR626927.1:755769-755782-756273-756286	0	0	NA	0	0	NA
CR626927.1:761745-761756-762200-762211	0	0	NA	0	0	NA
CR626927.1:765260-765271-765517-765528	0	0	NA	0	0	NA
CR626927.1:767533-767544-767635-767646	0	0	NA	0	0	NA
CR626927.1:770896-770909-771525-771538	0	0	NA	0	0	NA
CR626927.1:773170-773181-773261-773272	0	0	NA	0	0	NA
CR626927.1:781620-781633-781801-781814	0	0	NA	0	0	NA
CR626927.1:783579-783592-783645-783658	0	0	NA	0	0	NA
CR626927.1:787762-787773-788140-788151	0	0	NA	0	0	NA
CR626927.1:788558-788571-789031-789044	0	0	NA	0	0	NA
CR626927.1:793812-793823-794199-794210	0	0	NA	0	0	NA
CR626927.1:798076-798087-798660-798671	0	0	NA	0	0	NA
CR626927.1:799230-799244-799952-799966	0	0	NA	0	0	NA
CR626927.1:800822-800833-801264-801275	0	0	NA	0	0	NA
CR626927.1:806459-806473-806614-806628	0	0	NA	0	0	NA
CR626927.1:806753-806767-807171-807185	0	0	NA	0	0	NA
CR626927.1:809480-809494-810147-810161	0	0	NA	0	0	NA
CR626927.1:814233-814245-814402-814414	0	0	NA	0	0	NA
CR626927.1:815382-815395-815643-815656	0	0	NA	0	0	NA
CR626927.1:825440-825453-825633-825646	0	0	NA	0	0	NA
CR626927.1:825937-825951-826642-826656	0	0	NA	0	0	NA
CR626927.1:833919-833932-834028-834041	0	0	NA	0	0	NA
CR626927.1:836199-836213-836775-836789	0	0	NA	0	0	NA
CR626927.1:856961-856984-857017-857040	0	0	NA	0	0	NA
CR626927.1:861512-861525-861712-861725	0	0	NA	0	0	NA
CR626927.1:866352-866365-866517-866530	0	0	NA	0	0	NA
CR626927.1:867103-867116-867255-867268	0	0	NA	0	0	NA
CR626927.1:869948-869961-870587-870600	0	0	NA	0	0	NA
CR626927.1:875546-875557-875946-875957	0	0	NA	0	0	NA
CR626927.1:877906-877917-878452-878463	0	0	NA	0	0	NA
CR626927.1:879414-879427-879847-879860	0	0	NA	0	0	NA
CR626927.1:880339-880354-880536-880551	0	0	NA	0	0	NA
CR626927.1:881685-881698-882157-882170	0	0	NA	0	0	NA
CR626927.1:885484-885495-885889-885900	0	0	NA	0	0	NA
CR626927.1:88680-88693-89166-89179	0	0	NA	0	0	NA
CR626927.1:8902-8914-9355-9367	0	0	NA	0	0	NA
CR626927.1:890726-890739-891229-891242	0	0	NA	0	0	NA
CR626927.1:892081-892105-892142-892166	0	0	NA	0	0	NA
CR626927.1:894510-894530-894704-894724	0	0	NA	0	0	NA
CR626927.1:895225-895236-895558-895569	0	0	NA	0	0	NA
CR626927.1:89788-89805-89932-89949	0	0	NA	0	0	NA
CR626927.1:900369-900381-900529-900541	0	0	NA	0	0	NA
CR626927.1:901569-901589-901822-901842	0	0	NA	0	0	NA
CR626927.1:911059-911070-911465-911476	0	0	NA	0	0	NA
CR626927.1:911570-911585-911937-911952	0	0	NA	0	0	NA
CR626927.1:913517-913530-914088-914101	0	0	NA	0	0	NA
CR626927.1:915651-915665-915867-915881	0	0	NA	0	0	NA
CR626927.1:91900-91926-92045-92071	0	0	NA	0	0	NA
CR626927.1:92114-92129-92225-92240	0	0	NA	0	0	NA
CR626927.1:931359-931370-932077-932088	0	0	NA	0	0	NA
CR626927.1:93487-93500-93837-93850	0	0	NA	0	0	NA
CR626927.1:939731-939743-940262-940274	0	0	NA	0	0	NA
CR626927.1:943604-943617-943957-943970	0	0	NA	0	0	NA
CR626927.1:945485-945500-946181-946196	0	0	NA	0	0	NA
CR626927.1:959495-959508-959809-959822	0	0	NA	0	0	NA
CR626927.1:960765-960778-960986-960999	0	0	NA	0	0	NA
CR626927.1:967824-967837-968055-968068	0	0	NA	0	0	NA
CR626927.1:970374-970387-970917-970930	0	0	NA	0	0	NA
CR626927.1:972737-972750-972906-972919	0	0	NA	0	0	NA
CR626927.1:976106-976119-976427-976440	0	0	NA	0	0	NA
CR626927.1:976970-976984-977436-977450	0	0	NA	0	0	NA
CR626927.1:982624-982638-983280-983294	0	0	NA	0	0	NA
CR626927.1:985266-985277-985681-985692	0	0	NA	0	0	NA
CR626927.1:987057-987068-987177-987188	0	0	NA	0	0	NA
CR626927.1:990673-990687-990979-990993	0	0	NA	0	0	NA
CR626927.1:993224-993237-993427-993440	0	0	NA	0	0	NA
CR626927.1:994256-994267-994329-994340	0	0	NA	0	0	NA
CR626927.1:995666-995679-996200-996213	0	0	NA	0	0	NA
CR626927.1:997728-997742-997959-997973	0	0	NA	0	0	NA
